0.000000000000000000e+00 1.159090909090908994e+01 1.083333333333333393e+01
1.000000000000000000e+00 1.170454545454545503e+01 1.083333333333333393e+01
2.000000000000000000e+00 1.147727272727272840e+01 1.000000000000000000e+01
3.000000000000000000e+00 1.267045454545454675e+01 1.333333333333333393e+01
4.000000000000000000e+00 1.806818181818182012e+01 1.500000000000000000e+01
5.000000000000000000e+00 2.227272727272727337e+01 2.250000000000000000e+01
6.000000000000000000e+00 2.090909090909090651e+01 2.166666666666666785e+01
7.000000000000000000e+00 1.982954545454545681e+01 2.083333333333333570e+01
8.000000000000000000e+00 1.926136363636363669e+01 1.833333333333333215e+01
9.000000000000000000e+00 1.852272727272727337e+01 2.083333333333333570e+01
1.000000000000000000e+01 1.602272727272727337e+01 1.916666666666666785e+01
1.100000000000000000e+01 1.181818181818181834e+01 1.083333333333333393e+01
1.200000000000000000e+01 1.011363636363636331e+01 1.000000000000000000e+01
1.300000000000000000e+01 1.000000000000000000e+01 1.000000000000000000e+01
1.400000000000000000e+01 1.000000000000000000e+01 1.000000000000000000e+01
1.500000000000000000e+01 1.000000000000000000e+01 1.000000000000000000e+01
1.600000000000000000e+01 1.000000000000000000e+01 1.000000000000000000e+01
1.700000000000000000e+01 1.022727272727272840e+01 1.083333333333333393e+01
1.800000000000000000e+01 1.301136363636363669e+01 1.166666666666666607e+01
1.900000000000000000e+01 1.926136363636363669e+01 2.166666666666666785e+01
2.000000000000000000e+01 2.670454545454545325e+01 2.916666666666666785e+01
2.100000000000000000e+01 3.369318181818181301e+01 3.416666666666666430e+01
2.200000000000000000e+01 3.267045454545454675e+01 3.166666666666666430e+01
2.300000000000000000e+01 3.102272727272727337e+01 2.916666666666666785e+01
2.400000000000000000e+01 2.727272727272726982e+01 2.583333333333333570e+01
2.500000000000000000e+01 2.812500000000000000e+01 2.750000000000000355e+01
2.600000000000000000e+01 2.886363636363636331e+01 3.083333333333333570e+01
2.700000000000000000e+01 3.107954545454545325e+01 3.750000000000000000e+01
2.800000000000000000e+01 3.187499999999999645e+01 4.000000000000000000e+01
2.900000000000000000e+01 3.596590909090909349e+01 4.000000000000000000e+01
3.000000000000000000e+01 3.642045454545454675e+01 3.833333333333333570e+01
3.100000000000000000e+01 3.517045454545454675e+01 3.750000000000000000e+01
3.200000000000000000e+01 3.403409090909090651e+01 3.916666666666666430e+01
3.300000000000000000e+01 3.193181818181818343e+01 3.583333333333333570e+01
3.400000000000000000e+01 3.136363636363636687e+01 3.416666666666666430e+01
3.500000000000000000e+01 3.153409090909091006e+01 3.416666666666666430e+01
3.600000000000000000e+01 3.323863636363636687e+01 3.750000000000000000e+01
3.700000000000000000e+01 3.403409090909090651e+01 3.416666666666666430e+01
3.800000000000000000e+01 3.443181818181817988e+01 3.583333333333333570e+01
3.900000000000000000e+01 3.664772727272727337e+01 3.583333333333333570e+01
4.000000000000000000e+01 3.613636363636364024e+01 3.666666666666666430e+01
4.100000000000000000e+01 3.420454545454545325e+01 3.583333333333333570e+01
4.200000000000000000e+01 3.295454545454545325e+01 3.666666666666666430e+01
4.300000000000000000e+01 3.255681818181817988e+01 3.583333333333333570e+01
4.400000000000000000e+01 3.181818181818181657e+01 3.333333333333332860e+01
4.500000000000000000e+01 3.136363636363636687e+01 3.250000000000000000e+01
4.600000000000000000e+01 3.051136363636363669e+01 3.083333333333333570e+01
4.700000000000000000e+01 2.982954545454545325e+01 2.833333333333333215e+01
4.800000000000000000e+01 3.142045454545454675e+01 2.916666666666666785e+01
4.900000000000000000e+01 3.346590909090909349e+01 3.166666666666666430e+01
5.000000000000000000e+01 3.414772727272727337e+01 3.333333333333332860e+01
5.100000000000000000e+01 3.500000000000000000e+01 3.500000000000000000e+01
5.200000000000000000e+01 3.613636363636364024e+01 3.500000000000000000e+01
5.300000000000000000e+01 3.732954545454545325e+01 3.583333333333333570e+01
5.400000000000000000e+01 3.795454545454545325e+01 3.583333333333333570e+01
5.500000000000000000e+01 3.755681818181817988e+01 3.500000000000000000e+01
5.600000000000000000e+01 3.602272727272727337e+01 3.500000000000000000e+01
5.700000000000000000e+01 3.323863636363636687e+01 3.250000000000000000e+01
5.800000000000000000e+01 3.181818181818181657e+01 3.250000000000000000e+01
5.900000000000000000e+01 3.153409090909091006e+01 3.166666666666666430e+01
6.000000000000000000e+01 3.147727272727272663e+01 3.166666666666666430e+01
6.100000000000000000e+01 3.062500000000000355e+01 2.916666666666666785e+01
6.200000000000000000e+01 3.051136363636363669e+01 2.750000000000000355e+01
6.300000000000000000e+01 3.187499999999999645e+01 3.000000000000000000e+01
6.400000000000000000e+01 3.267045454545454675e+01 3.000000000000000000e+01
6.500000000000000000e+01 3.261363636363635976e+01 3.083333333333333570e+01
6.600000000000000000e+01 3.306818181818182012e+01 3.166666666666666430e+01
6.700000000000000000e+01 3.295454545454545325e+01 3.166666666666666430e+01
6.800000000000000000e+01 3.159090909090909349e+01 3.000000000000000000e+01
6.900000000000000000e+01 3.017045454545454319e+01 2.750000000000000355e+01
7.000000000000000000e+01 3.028409090909091006e+01 2.916666666666666785e+01
7.100000000000000000e+01 3.085227272727272663e+01 2.916666666666666785e+01
7.200000000000000000e+01 3.113636363636363313e+01 2.833333333333333215e+01
7.300000000000000000e+01 3.136363636363636687e+01 2.916666666666666785e+01
7.400000000000000000e+01 3.232954545454545325e+01 2.833333333333333215e+01
7.500000000000000000e+01 3.289772727272727337e+01 2.833333333333333215e+01
7.600000000000000000e+01 3.318181818181818699e+01 2.833333333333333215e+01
7.700000000000000000e+01 3.261363636363635976e+01 2.916666666666666785e+01
7.800000000000000000e+01 3.221590909090908639e+01 2.833333333333333215e+01
7.900000000000000000e+01 3.164772727272727337e+01 2.833333333333333215e+01
8.000000000000000000e+01 3.039772727272726982e+01 3.000000000000000000e+01
8.100000000000000000e+01 2.988636363636364024e+01 3.000000000000000000e+01
8.200000000000000000e+01 2.897727272727273018e+01 2.833333333333333215e+01
8.300000000000000000e+01 2.795454545454545325e+01 2.750000000000000355e+01
8.400000000000000000e+01 2.755681818181818343e+01 2.750000000000000355e+01
8.500000000000000000e+01 2.784090909090908994e+01 2.750000000000000355e+01
8.600000000000000000e+01 2.801136363636363313e+01 2.833333333333333215e+01
8.700000000000000000e+01 2.909090909090908994e+01 2.916666666666666785e+01
8.800000000000000000e+01 3.011363636363636331e+01 3.083333333333333570e+01
8.900000000000000000e+01 3.056818181818181657e+01 3.166666666666666430e+01
9.000000000000000000e+01 3.028409090909091006e+01 3.083333333333333570e+01
9.100000000000000000e+01 3.039772727272726982e+01 3.083333333333333570e+01
9.200000000000000000e+01 3.062500000000000355e+01 3.166666666666666430e+01
9.300000000000000000e+01 3.096590909090908994e+01 3.250000000000000000e+01
9.400000000000000000e+01 3.187499999999999645e+01 3.250000000000000000e+01
9.500000000000000000e+01 3.210227272727272663e+01 3.250000000000000000e+01
9.600000000000000000e+01 3.090909090909090651e+01 3.166666666666666430e+01
9.700000000000000000e+01 3.079545454545454675e+01 3.166666666666666430e+01
9.800000000000000000e+01 3.170454545454545325e+01 3.166666666666666430e+01
9.900000000000000000e+01 3.147727272727272663e+01 3.166666666666666430e+01
1.000000000000000000e+02 3.210227272727272663e+01 3.250000000000000000e+01
1.010000000000000000e+02 3.261363636363635976e+01 3.250000000000000000e+01
1.020000000000000000e+02 3.295454545454545325e+01 3.250000000000000000e+01
1.030000000000000000e+02 3.318181818181818699e+01 3.333333333333332860e+01
1.040000000000000000e+02 3.431818181818182012e+01 3.333333333333332860e+01
1.050000000000000000e+02 3.511363636363636687e+01 3.416666666666666430e+01
1.060000000000000000e+02 3.528409090909090651e+01 3.333333333333332860e+01
1.070000000000000000e+02 3.539772727272727337e+01 3.333333333333332860e+01
1.080000000000000000e+02 3.664772727272727337e+01 3.583333333333333570e+01
1.090000000000000000e+02 3.693181818181817988e+01 3.666666666666666430e+01
1.100000000000000000e+02 3.687500000000000000e+01 3.666666666666666430e+01
1.110000000000000000e+02 3.670454545454545325e+01 3.666666666666666430e+01
1.120000000000000000e+02 3.778409090909091361e+01 3.833333333333333570e+01
1.130000000000000000e+02 3.750000000000000000e+01 3.583333333333333570e+01
1.140000000000000000e+02 3.823863636363636687e+01 3.750000000000000000e+01
1.150000000000000000e+02 3.829545454545454675e+01 3.583333333333333570e+01
1.160000000000000000e+02 3.840909090909090651e+01 3.583333333333333570e+01
1.170000000000000000e+02 3.943181818181818699e+01 3.666666666666666430e+01
1.180000000000000000e+02 4.022727272727272663e+01 3.833333333333333570e+01
1.190000000000000000e+02 4.051136363636363313e+01 4.000000000000000000e+01
1.200000000000000000e+02 4.068181818181817988e+01 4.333333333333333570e+01
1.210000000000000000e+02 4.136363636363636687e+01 4.416666666666666430e+01
1.220000000000000000e+02 4.113636363636364024e+01 4.583333333333332860e+01
1.230000000000000000e+02 4.170454545454545325e+01 4.500000000000000000e+01
1.240000000000000000e+02 4.181818181818181301e+01 4.416666666666666430e+01
1.250000000000000000e+02 4.204545454545454675e+01 4.583333333333332860e+01
1.260000000000000000e+02 4.318181818181817988e+01 4.750000000000000000e+01
1.270000000000000000e+02 4.323863636363635976e+01 4.833333333333333570e+01
1.280000000000000000e+02 4.369318181818182012e+01 4.916666666666666430e+01
1.290000000000000000e+02 4.448863636363636687e+01 5.000000000000000000e+01
1.300000000000000000e+02 4.448863636363636687e+01 5.000000000000000000e+01
1.310000000000000000e+02 4.511363636363635976e+01 5.083333333333332860e+01
1.320000000000000000e+02 4.454545454545454675e+01 5.333333333333333570e+01
1.330000000000000000e+02 4.477272727272727337e+01 5.250000000000000000e+01
1.340000000000000000e+02 4.528409090909090651e+01 5.083333333333332860e+01
1.350000000000000000e+02 4.528409090909090651e+01 5.166666666666667140e+01
1.360000000000000000e+02 4.534090909090909349e+01 5.333333333333333570e+01
1.370000000000000000e+02 4.539772727272727337e+01 5.416666666666666430e+01
1.380000000000000000e+02 4.517045454545454675e+01 5.166666666666667140e+01
1.390000000000000000e+02 4.607954545454545325e+01 5.500000000000000711e+01
1.400000000000000000e+02 4.568181818181818699e+01 5.749999999999999289e+01
1.410000000000000000e+02 4.607954545454545325e+01 5.500000000000000711e+01
1.420000000000000000e+02 4.647727272727272663e+01 5.583333333333333570e+01
1.430000000000000000e+02 4.659090909090908639e+01 5.500000000000000711e+01
1.440000000000000000e+02 4.687500000000000000e+01 5.416666666666666430e+01
1.450000000000000000e+02 4.676136363636363313e+01 5.416666666666666430e+01
1.460000000000000000e+02 4.704545454545454675e+01 5.583333333333333570e+01
1.470000000000000000e+02 4.750000000000000000e+01 5.666666666666666430e+01
1.480000000000000000e+02 4.704545454545454675e+01 5.500000000000000711e+01
1.490000000000000000e+02 4.761363636363636687e+01 5.500000000000000711e+01
1.500000000000000000e+02 4.801136363636363313e+01 5.500000000000000711e+01
1.510000000000000000e+02 4.784090909090908639e+01 5.666666666666666430e+01
1.520000000000000000e+02 4.857954545454545325e+01 5.583333333333333570e+01
1.530000000000000000e+02 4.789772727272727337e+01 5.500000000000000711e+01
1.540000000000000000e+02 4.795454545454545325e+01 5.666666666666666430e+01
1.550000000000000000e+02 4.727272727272727337e+01 5.666666666666666430e+01
1.560000000000000000e+02 4.835227272727272663e+01 5.500000000000000711e+01
1.570000000000000000e+02 4.875000000000000000e+01 5.833333333333333570e+01
1.580000000000000000e+02 4.784090909090908639e+01 5.583333333333333570e+01
1.590000000000000000e+02 4.812500000000000000e+01 5.666666666666666430e+01
1.600000000000000000e+02 4.892045454545454675e+01 5.500000000000000711e+01
1.610000000000000000e+02 4.982954545454545325e+01 5.666666666666666430e+01
1.620000000000000000e+02 4.829545454545454675e+01 5.666666666666666430e+01
1.630000000000000000e+02 4.965909090909090651e+01 5.583333333333333570e+01
1.640000000000000000e+02 5.011363636363635976e+01 5.666666666666666430e+01
1.650000000000000000e+02 4.937500000000000000e+01 5.916666666666666430e+01
1.660000000000000000e+02 4.988636363636363313e+01 5.500000000000000711e+01
1.670000000000000000e+02 4.937500000000000000e+01 5.666666666666666430e+01
1.680000000000000000e+02 4.931818181818181301e+01 5.666666666666666430e+01
1.690000000000000000e+02 4.909090909090909349e+01 5.666666666666666430e+01
1.700000000000000000e+02 4.857954545454545325e+01 5.500000000000000711e+01
1.710000000000000000e+02 4.948863636363635976e+01 5.749999999999999289e+01
1.720000000000000000e+02 4.977272727272727337e+01 5.833333333333333570e+01
1.730000000000000000e+02 5.017045454545454675e+01 5.833333333333333570e+01
1.740000000000000000e+02 5.005681818181818699e+01 5.749999999999999289e+01
1.750000000000000000e+02 5.017045454545454675e+01 5.833333333333333570e+01
1.760000000000000000e+02 5.011363636363635976e+01 5.833333333333333570e+01
1.770000000000000000e+02 5.056818181818182012e+01 5.749999999999999289e+01
1.780000000000000000e+02 5.102272727272727337e+01 5.833333333333333570e+01
1.790000000000000000e+02 5.124999999999999289e+01 5.916666666666666430e+01
1.800000000000000000e+02 5.073863636363636687e+01 5.749999999999999289e+01
1.810000000000000000e+02 5.107954545454545325e+01 5.833333333333333570e+01
1.820000000000000000e+02 5.090909090909090651e+01 5.500000000000000711e+01
1.830000000000000000e+02 5.119318181818182012e+01 5.500000000000000711e+01
1.840000000000000000e+02 5.153409090909091361e+01 5.500000000000000711e+01
1.850000000000000000e+02 5.142045454545453964e+01 5.833333333333333570e+01
1.860000000000000000e+02 5.147727272727272663e+01 5.583333333333333570e+01
1.870000000000000000e+02 5.051136363636364024e+01 5.833333333333333570e+01
1.880000000000000000e+02 5.113636363636363313e+01 5.833333333333333570e+01
1.890000000000000000e+02 5.153409090909091361e+01 5.833333333333333570e+01
1.900000000000000000e+02 5.136363636363636687e+01 5.833333333333333570e+01
1.910000000000000000e+02 5.164772727272727337e+01 5.833333333333333570e+01
1.920000000000000000e+02 5.164772727272727337e+01 5.666666666666666430e+01
1.930000000000000000e+02 5.153409090909091361e+01 5.749999999999999289e+01
1.940000000000000000e+02 5.181818181818182012e+01 5.833333333333333570e+01
1.950000000000000000e+02 5.215909090909091361e+01 5.749999999999999289e+01
1.960000000000000000e+02 5.142045454545453964e+01 5.833333333333333570e+01
1.970000000000000000e+02 5.193181818181817988e+01 5.749999999999999289e+01
1.980000000000000000e+02 5.198863636363636687e+01 5.749999999999999289e+01
1.990000000000000000e+02 5.267045454545454675e+01 5.833333333333333570e+01
2.000000000000000000e+02 5.244318181818181301e+01 5.833333333333333570e+01
2.010000000000000000e+02 5.261363636363635976e+01 5.666666666666666430e+01
2.020000000000000000e+02 5.261363636363635976e+01 5.833333333333333570e+01
2.030000000000000000e+02 5.255681818181817988e+01 5.916666666666666430e+01
2.040000000000000000e+02 5.312500000000000000e+01 5.500000000000000711e+01
2.050000000000000000e+02 5.295454545454545325e+01 5.833333333333333570e+01
2.060000000000000000e+02 5.261363636363635976e+01 5.916666666666666430e+01
2.070000000000000000e+02 5.261363636363635976e+01 5.500000000000000711e+01
2.080000000000000000e+02 5.352272727272728048e+01 5.333333333333333570e+01
2.090000000000000000e+02 5.267045454545454675e+01 5.749999999999999289e+01
2.100000000000000000e+02 5.278409090909090651e+01 5.833333333333333570e+01
2.110000000000000000e+02 5.346590909090909349e+01 5.583333333333333570e+01
2.120000000000000000e+02 5.244318181818181301e+01 5.666666666666666430e+01
2.130000000000000000e+02 5.289772727272726627e+01 6.000000000000000000e+01
2.140000000000000000e+02 5.278409090909090651e+01 5.916666666666666430e+01
2.150000000000000000e+02 5.261363636363635976e+01 5.500000000000000711e+01
2.160000000000000000e+02 5.357954545454545325e+01 5.583333333333333570e+01
2.170000000000000000e+02 5.363636363636364024e+01 5.916666666666666430e+01
2.180000000000000000e+02 5.346590909090909349e+01 5.500000000000000711e+01
2.190000000000000000e+02 5.363636363636364024e+01 5.583333333333333570e+01
2.200000000000000000e+02 5.346590909090909349e+01 5.833333333333333570e+01
2.210000000000000000e+02 5.392045454545454675e+01 5.833333333333333570e+01
2.220000000000000000e+02 5.380681818181818699e+01 5.416666666666666430e+01
2.230000000000000000e+02 5.414772727272727337e+01 5.666666666666666430e+01
2.240000000000000000e+02 5.414772727272727337e+01 5.583333333333333570e+01
2.250000000000000000e+02 5.369318181818182012e+01 5.749999999999999289e+01
2.260000000000000000e+02 5.380681818181818699e+01 5.666666666666666430e+01
2.270000000000000000e+02 5.329545454545454675e+01 5.500000000000000711e+01
2.280000000000000000e+02 5.295454545454545325e+01 5.833333333333333570e+01
2.290000000000000000e+02 5.426136363636363313e+01 5.833333333333333570e+01
2.300000000000000000e+02 5.460227272727272663e+01 5.583333333333333570e+01
2.310000000000000000e+02 5.392045454545454675e+01 5.583333333333333570e+01
2.320000000000000000e+02 5.477272727272727337e+01 5.749999999999999289e+01
2.330000000000000000e+02 5.465909090909091361e+01 5.833333333333333570e+01
2.340000000000000000e+02 5.431818181818182012e+01 6.000000000000000000e+01
2.350000000000000000e+02 5.454545454545453964e+01 5.666666666666666430e+01
2.360000000000000000e+02 5.494318181818182012e+01 5.749999999999999289e+01
2.370000000000000000e+02 5.431818181818182012e+01 5.916666666666666430e+01
2.380000000000000000e+02 5.522727272727272663e+01 5.583333333333333570e+01
2.390000000000000000e+02 5.471590909090908639e+01 5.666666666666666430e+01
2.400000000000000000e+02 5.477272727272727337e+01 5.749999999999999289e+01
2.410000000000000000e+02 5.494318181818182012e+01 6.000000000000000000e+01
2.420000000000000000e+02 5.454545454545453964e+01 5.666666666666666430e+01
2.430000000000000000e+02 5.477272727272727337e+01 5.500000000000000711e+01
2.440000000000000000e+02 5.511363636363636687e+01 5.833333333333333570e+01
2.450000000000000000e+02 5.556818181818181301e+01 6.000000000000000000e+01
2.460000000000000000e+02 5.556818181818181301e+01 5.416666666666666430e+01
2.470000000000000000e+02 5.607954545454545325e+01 5.500000000000000711e+01
2.480000000000000000e+02 5.545454545454545325e+01 6.000000000000000000e+01
2.490000000000000000e+02 5.551136363636363313e+01 5.666666666666666430e+01
2.500000000000000000e+02 5.522727272727272663e+01 5.666666666666666430e+01
2.510000000000000000e+02 5.517045454545454675e+01 5.749999999999999289e+01
2.520000000000000000e+02 5.573863636363635976e+01 6.000000000000000000e+01
2.530000000000000000e+02 5.568181818181817988e+01 5.833333333333333570e+01
2.540000000000000000e+02 5.517045454545454675e+01 5.833333333333333570e+01
2.550000000000000000e+02 5.585227272727271952e+01 5.916666666666666430e+01
2.560000000000000000e+02 5.585227272727271952e+01 5.749999999999999289e+01
2.570000000000000000e+02 5.511363636363636687e+01 5.666666666666666430e+01
2.580000000000000000e+02 5.585227272727271952e+01 5.833333333333333570e+01
2.590000000000000000e+02 5.596590909090909349e+01 5.916666666666666430e+01
2.600000000000000000e+02 5.607954545454545325e+01 5.666666666666666430e+01
2.610000000000000000e+02 5.642045454545454675e+01 5.833333333333333570e+01
2.620000000000000000e+02 5.647727272727273373e+01 5.666666666666666430e+01
2.630000000000000000e+02 5.551136363636363313e+01 6.166666666666667140e+01
2.640000000000000000e+02 5.562500000000000000e+01 5.833333333333333570e+01
2.650000000000000000e+02 5.630681818181818699e+01 5.833333333333333570e+01
2.660000000000000000e+02 5.596590909090909349e+01 6.083333333333332860e+01
2.670000000000000000e+02 5.636363636363635976e+01 5.833333333333333570e+01
2.680000000000000000e+02 5.681818181818182012e+01 5.749999999999999289e+01
2.690000000000000000e+02 5.625000000000000000e+01 5.583333333333333570e+01
2.700000000000000000e+02 5.653409090909090651e+01 5.833333333333333570e+01
2.710000000000000000e+02 5.613636363636364024e+01 5.666666666666666430e+01
2.720000000000000000e+02 5.630681818181818699e+01 5.916666666666666430e+01
2.730000000000000000e+02 5.647727272727273373e+01 5.833333333333333570e+01
2.740000000000000000e+02 5.653409090909090651e+01 6.000000000000000000e+01
2.750000000000000000e+02 5.590909090909090651e+01 6.000000000000000000e+01
2.760000000000000000e+02 5.659090909090909349e+01 5.583333333333333570e+01
2.770000000000000000e+02 5.681818181818182012e+01 5.583333333333333570e+01
2.780000000000000000e+02 5.517045454545454675e+01 5.916666666666666430e+01
2.790000000000000000e+02 5.636363636363635976e+01 5.583333333333333570e+01
2.800000000000000000e+02 5.749999999999999289e+01 5.916666666666666430e+01
2.810000000000000000e+02 5.653409090909090651e+01 6.333333333333332860e+01
2.820000000000000000e+02 5.738636363636363313e+01 5.666666666666666430e+01
2.830000000000000000e+02 5.789772727272727337e+01 5.833333333333333570e+01
2.840000000000000000e+02 5.727272727272727337e+01 5.916666666666666430e+01
2.850000000000000000e+02 5.789772727272727337e+01 5.749999999999999289e+01
2.860000000000000000e+02 5.755681818181817988e+01 5.833333333333333570e+01
2.870000000000000000e+02 5.818181818181817988e+01 5.833333333333333570e+01
2.880000000000000000e+02 5.755681818181817988e+01 5.666666666666666430e+01
2.890000000000000000e+02 5.795454545454546036e+01 6.083333333333332860e+01
2.900000000000000000e+02 5.732954545454545325e+01 5.749999999999999289e+01
2.910000000000000000e+02 5.732954545454545325e+01 5.583333333333333570e+01
2.920000000000000000e+02 5.767045454545453964e+01 5.833333333333333570e+01
2.930000000000000000e+02 5.772727272727272663e+01 5.833333333333333570e+01
2.940000000000000000e+02 5.744318181818182012e+01 5.749999999999999289e+01
2.950000000000000000e+02 5.778409090909091361e+01 6.000000000000000000e+01
2.960000000000000000e+02 5.789772727272727337e+01 5.916666666666666430e+01
2.970000000000000000e+02 5.846590909090909349e+01 5.833333333333333570e+01
2.980000000000000000e+02 5.846590909090909349e+01 6.250000000000000000e+01
2.990000000000000000e+02 5.823863636363636687e+01 5.916666666666666430e+01
3.000000000000000000e+02 5.812500000000000711e+01 5.833333333333333570e+01
3.010000000000000000e+02 5.801136363636363313e+01 5.833333333333333570e+01
3.020000000000000000e+02 5.829545454545454675e+01 6.083333333333332860e+01
3.030000000000000000e+02 5.875000000000000000e+01 6.083333333333332860e+01
3.040000000000000000e+02 5.857954545454545325e+01 6.000000000000000000e+01
3.050000000000000000e+02 5.818181818181817988e+01 6.000000000000000000e+01
3.060000000000000000e+02 5.795454545454546036e+01 5.666666666666666430e+01
3.070000000000000000e+02 5.818181818181817988e+01 5.666666666666666430e+01
3.080000000000000000e+02 5.863636363636363313e+01 5.749999999999999289e+01
3.090000000000000000e+02 5.880681818181817988e+01 6.166666666666667140e+01
3.100000000000000000e+02 5.880681818181817988e+01 5.916666666666666430e+01
3.110000000000000000e+02 5.880681818181817988e+01 5.749999999999999289e+01
3.120000000000000000e+02 5.937500000000000000e+01 6.000000000000000000e+01
3.130000000000000000e+02 5.869318181818181301e+01 5.666666666666666430e+01
3.140000000000000000e+02 5.857954545454545325e+01 5.749999999999999289e+01
3.150000000000000000e+02 5.875000000000000000e+01 5.916666666666666430e+01
3.160000000000000000e+02 5.840909090909091361e+01 5.666666666666666430e+01
3.170000000000000000e+02 5.903409090909090651e+01 5.749999999999999289e+01
3.180000000000000000e+02 5.931818181818181301e+01 6.166666666666667140e+01
3.190000000000000000e+02 5.863636363636363313e+01 5.583333333333333570e+01
3.200000000000000000e+02 5.931818181818181301e+01 5.583333333333333570e+01
3.210000000000000000e+02 5.994318181818182012e+01 6.250000000000000000e+01
3.220000000000000000e+02 5.914772727272726627e+01 5.833333333333333570e+01
3.230000000000000000e+02 5.943181818181818699e+01 5.749999999999999289e+01
3.240000000000000000e+02 5.977272727272728048e+01 6.166666666666667140e+01
3.250000000000000000e+02 5.920454545454545325e+01 5.749999999999999289e+01
3.260000000000000000e+02 5.943181818181818699e+01 6.000000000000000000e+01
3.270000000000000000e+02 6.017045454545454675e+01 6.000000000000000000e+01
3.280000000000000000e+02 5.948863636363635976e+01 5.666666666666666430e+01
3.290000000000000000e+02 5.954545454545454675e+01 6.166666666666667140e+01
3.300000000000000000e+02 5.960227272727273373e+01 6.166666666666667140e+01
3.310000000000000000e+02 5.937500000000000000e+01 5.500000000000000711e+01
3.320000000000000000e+02 6.000000000000000000e+01 6.166666666666667140e+01
3.330000000000000000e+02 6.028409090909090651e+01 6.166666666666667140e+01
3.340000000000000000e+02 5.965909090909090651e+01 5.500000000000000711e+01
3.350000000000000000e+02 6.051136363636363313e+01 6.083333333333332860e+01
3.360000000000000000e+02 6.017045454545454675e+01 5.916666666666666430e+01
3.370000000000000000e+02 5.886363636363635976e+01 5.583333333333333570e+01
3.380000000000000000e+02 6.022727272727272663e+01 6.000000000000000000e+01
3.390000000000000000e+02 6.017045454545454675e+01 6.000000000000000000e+01
3.400000000000000000e+02 5.982954545454545325e+01 5.583333333333333570e+01
3.410000000000000000e+02 6.096590909090908639e+01 6.166666666666667140e+01
3.420000000000000000e+02 6.107954545454546036e+01 6.000000000000000000e+01
3.430000000000000000e+02 6.022727272727272663e+01 5.833333333333333570e+01
3.440000000000000000e+02 6.045454545454545325e+01 6.333333333333332860e+01
3.450000000000000000e+02 6.113636363636363313e+01 5.916666666666666430e+01
3.460000000000000000e+02 6.062499999999999289e+01 5.749999999999999289e+01
3.470000000000000000e+02 6.045454545454545325e+01 6.250000000000000000e+01
3.480000000000000000e+02 6.062499999999999289e+01 5.666666666666666430e+01
3.490000000000000000e+02 6.022727272727272663e+01 5.666666666666666430e+01
3.500000000000000000e+02 6.051136363636363313e+01 6.083333333333332860e+01
3.510000000000000000e+02 6.045454545454545325e+01 5.666666666666666430e+01
3.520000000000000000e+02 6.113636363636363313e+01 5.749999999999999289e+01
3.530000000000000000e+02 6.079545454545453964e+01 6.166666666666667140e+01
3.540000000000000000e+02 6.170454545454545325e+01 6.083333333333332860e+01
3.550000000000000000e+02 6.198863636363635976e+01 5.916666666666666430e+01
3.560000000000000000e+02 6.142045454545454675e+01 6.166666666666667140e+01
3.570000000000000000e+02 6.159090909090909349e+01 5.916666666666666430e+01
3.580000000000000000e+02 6.198863636363635976e+01 6.083333333333332860e+01
3.590000000000000000e+02 6.153409090909091361e+01 6.250000000000000000e+01
3.600000000000000000e+02 6.170454545454545325e+01 5.916666666666666430e+01
3.610000000000000000e+02 6.170454545454545325e+01 5.916666666666666430e+01
3.620000000000000000e+02 6.159090909090909349e+01 6.083333333333332860e+01
3.630000000000000000e+02 6.102272727272727337e+01 5.916666666666666430e+01
3.640000000000000000e+02 6.198863636363635976e+01 6.083333333333332860e+01
3.650000000000000000e+02 6.193181818181817988e+01 6.250000000000000000e+01
3.660000000000000000e+02 6.142045454545454675e+01 5.583333333333333570e+01
3.670000000000000000e+02 6.250000000000000000e+01 6.166666666666667140e+01
3.680000000000000000e+02 6.215909090909090651e+01 6.083333333333332860e+01
3.690000000000000000e+02 6.142045454545454675e+01 5.666666666666666430e+01
3.700000000000000000e+02 6.221590909090909349e+01 6.166666666666667140e+01
3.710000000000000000e+02 6.187500000000000000e+01 6.166666666666667140e+01
3.720000000000000000e+02 6.278409090909090651e+01 5.749999999999999289e+01
3.730000000000000000e+02 6.227272727272726627e+01 6.250000000000000000e+01
3.740000000000000000e+02 6.261363636363635976e+01 6.166666666666667140e+01
3.750000000000000000e+02 6.261363636363635976e+01 6.250000000000000000e+01
3.760000000000000000e+02 6.295454545454545325e+01 6.333333333333332860e+01
3.770000000000000000e+02 6.238636363636364024e+01 6.166666666666667140e+01
3.780000000000000000e+02 6.295454545454545325e+01 6.083333333333332860e+01
3.790000000000000000e+02 6.323863636363636687e+01 6.416666666666667140e+01
3.800000000000000000e+02 6.323863636363636687e+01 6.083333333333332860e+01
3.810000000000000000e+02 6.346590909090908639e+01 6.083333333333332860e+01
3.820000000000000000e+02 6.272727272727273373e+01 6.000000000000000000e+01
3.830000000000000000e+02 6.369318181818182012e+01 6.083333333333332860e+01
3.840000000000000000e+02 6.392045454545453964e+01 6.166666666666667140e+01
3.850000000000000000e+02 6.335227272727272663e+01 6.000000000000000000e+01
3.860000000000000000e+02 6.420454545454545325e+01 6.083333333333332860e+01
3.870000000000000000e+02 6.357954545454545325e+01 6.000000000000000000e+01
3.880000000000000000e+02 6.374999999999999289e+01 6.166666666666667140e+01
3.890000000000000000e+02 6.374999999999999289e+01 6.000000000000000000e+01
3.900000000000000000e+02 6.329545454545454675e+01 6.166666666666667140e+01
3.910000000000000000e+02 6.392045454545453964e+01 6.250000000000000000e+01
3.920000000000000000e+02 6.403409090909090651e+01 6.000000000000000000e+01
3.930000000000000000e+02 6.357954545454545325e+01 6.166666666666667140e+01
3.940000000000000000e+02 6.437500000000000000e+01 6.250000000000000000e+01
3.950000000000000000e+02 6.426136363636362603e+01 6.333333333333332860e+01
3.960000000000000000e+02 6.357954545454545325e+01 6.166666666666667140e+01
3.970000000000000000e+02 6.380681818181817988e+01 6.250000000000000000e+01
3.980000000000000000e+02 6.420454545454545325e+01 6.166666666666667140e+01
3.990000000000000000e+02 6.380681818181817988e+01 6.333333333333332860e+01
4.000000000000000000e+02 6.403409090909090651e+01 6.166666666666667140e+01
4.010000000000000000e+02 6.374999999999999289e+01 5.916666666666666430e+01
4.020000000000000000e+02 6.437500000000000000e+01 6.333333333333332860e+01
4.030000000000000000e+02 6.437500000000000000e+01 6.333333333333332860e+01
4.040000000000000000e+02 6.477272727272726627e+01 6.250000000000000000e+01
4.050000000000000000e+02 6.374999999999999289e+01 6.333333333333332860e+01
4.060000000000000000e+02 6.392045454545453964e+01 6.000000000000000000e+01
4.070000000000000000e+02 6.505681818181817277e+01 6.166666666666667140e+01
4.080000000000000000e+02 6.426136363636362603e+01 6.333333333333332860e+01
4.090000000000000000e+02 6.465909090909090651e+01 6.166666666666667140e+01
4.100000000000000000e+02 6.568181818181818699e+01 6.083333333333332860e+01
4.110000000000000000e+02 6.431818181818181301e+01 6.250000000000000000e+01
4.120000000000000000e+02 6.539772727272726627e+01 6.166666666666667140e+01
4.130000000000000000e+02 6.460227272727271952e+01 6.166666666666667140e+01
4.140000000000000000e+02 6.511363636363635976e+01 6.250000000000000000e+01
4.150000000000000000e+02 6.534090909090909349e+01 6.166666666666667140e+01
4.160000000000000000e+02 6.477272727272726627e+01 6.333333333333332860e+01
4.170000000000000000e+02 6.482954545454545325e+01 6.166666666666667140e+01
4.180000000000000000e+02 6.471590909090909349e+01 5.916666666666666430e+01
4.190000000000000000e+02 6.517045454545454675e+01 6.333333333333332860e+01
4.200000000000000000e+02 6.534090909090909349e+01 6.333333333333332860e+01
4.210000000000000000e+02 6.471590909090909349e+01 6.000000000000000000e+01
4.220000000000000000e+02 6.460227272727271952e+01 6.500000000000000000e+01
4.230000000000000000e+02 6.534090909090909349e+01 6.250000000000000000e+01
4.240000000000000000e+02 6.511363636363635976e+01 6.333333333333332860e+01
4.250000000000000000e+02 6.573863636363635976e+01 6.250000000000000000e+01
4.260000000000000000e+02 6.488636363636362603e+01 5.749999999999999289e+01
4.270000000000000000e+02 6.579545454545454675e+01 6.250000000000000000e+01
4.280000000000000000e+02 6.568181818181818699e+01 6.333333333333332860e+01
4.290000000000000000e+02 6.539772727272726627e+01 6.000000000000000000e+01
4.300000000000000000e+02 6.607954545454545325e+01 6.500000000000000000e+01
4.310000000000000000e+02 6.505681818181817277e+01 6.166666666666667140e+01
4.320000000000000000e+02 6.556818181818181301e+01 6.166666666666667140e+01
4.330000000000000000e+02 6.590909090909090651e+01 6.583333333333332860e+01
4.340000000000000000e+02 6.642045454545454675e+01 6.166666666666667140e+01
4.350000000000000000e+02 6.619318181818182723e+01 6.250000000000000000e+01
4.360000000000000000e+02 6.534090909090909349e+01 6.416666666666667140e+01
4.370000000000000000e+02 6.625000000000000000e+01 6.166666666666667140e+01
4.380000000000000000e+02 6.698863636363637397e+01 6.250000000000000000e+01
4.390000000000000000e+02 6.653409090909090651e+01 6.500000000000000000e+01
4.400000000000000000e+02 6.619318181818182723e+01 6.083333333333332860e+01
4.410000000000000000e+02 6.664772727272728048e+01 6.250000000000000000e+01
4.420000000000000000e+02 6.681818181818182723e+01 6.583333333333332860e+01
4.430000000000000000e+02 6.738636363636362603e+01 6.333333333333332860e+01
4.440000000000000000e+02 6.687500000000000000e+01 6.250000000000000000e+01
4.450000000000000000e+02 6.568181818181818699e+01 6.333333333333332860e+01
4.460000000000000000e+02 6.653409090909090651e+01 6.166666666666667140e+01
4.470000000000000000e+02 6.636363636363637397e+01 6.166666666666667140e+01
4.480000000000000000e+02 6.744318181818181301e+01 6.250000000000000000e+01
4.490000000000000000e+02 6.698863636363637397e+01 6.250000000000000000e+01
4.500000000000000000e+02 6.607954545454545325e+01 6.416666666666667140e+01
4.510000000000000000e+02 6.676136363636364024e+01 6.333333333333332860e+01
4.520000000000000000e+02 6.744318181818181301e+01 6.416666666666667140e+01
4.530000000000000000e+02 6.659090909090909349e+01 6.500000000000000000e+01
4.540000000000000000e+02 6.704545454545454675e+01 6.333333333333332860e+01
4.550000000000000000e+02 6.704545454545454675e+01 6.583333333333332860e+01
4.560000000000000000e+02 6.801136363636362603e+01 6.166666666666667140e+01
4.570000000000000000e+02 6.767045454545454675e+01 6.500000000000000000e+01
4.580000000000000000e+02 6.744318181818181301e+01 6.666666666666665719e+01
4.590000000000000000e+02 6.738636363636362603e+01 6.083333333333332860e+01
4.600000000000000000e+02 6.732954545454545325e+01 6.250000000000000000e+01
4.610000000000000000e+02 6.693181818181818699e+01 6.250000000000000000e+01
4.620000000000000000e+02 6.818181818181817277e+01 6.333333333333332860e+01
4.630000000000000000e+02 6.784090909090909349e+01 6.500000000000000000e+01
4.640000000000000000e+02 6.659090909090909349e+01 6.583333333333332860e+01
4.650000000000000000e+02 6.755681818181817277e+01 6.500000000000000000e+01
4.660000000000000000e+02 6.857954545454545325e+01 6.583333333333332860e+01
4.670000000000000000e+02 6.840909090909090651e+01 6.416666666666667140e+01
4.680000000000000000e+02 6.778409090909090651e+01 6.083333333333332860e+01
4.690000000000000000e+02 6.784090909090909349e+01 6.583333333333332860e+01
4.700000000000000000e+02 6.840909090909090651e+01 6.333333333333332860e+01
4.710000000000000000e+02 6.812500000000000000e+01 6.333333333333332860e+01
4.720000000000000000e+02 6.829545454545454675e+01 6.583333333333332860e+01
4.730000000000000000e+02 6.767045454545454675e+01 6.416666666666667140e+01
4.740000000000000000e+02 6.886363636363635976e+01 6.333333333333332860e+01
4.750000000000000000e+02 6.892045454545454675e+01 6.416666666666667140e+01
4.760000000000000000e+02 6.818181818181817277e+01 6.500000000000000000e+01
4.770000000000000000e+02 6.880681818181818699e+01 6.666666666666665719e+01
4.780000000000000000e+02 6.903409090909090651e+01 6.333333333333332860e+01
4.790000000000000000e+02 6.914772727272728048e+01 6.416666666666667140e+01
4.800000000000000000e+02 6.863636363636364024e+01 6.666666666666665719e+01
4.810000000000000000e+02 6.897727272727273373e+01 6.083333333333332860e+01
4.820000000000000000e+02 6.880681818181818699e+01 6.333333333333332860e+01
4.830000000000000000e+02 6.789772727272726627e+01 6.583333333333332860e+01
4.840000000000000000e+02 6.903409090909090651e+01 6.416666666666667140e+01
4.850000000000000000e+02 6.937500000000000000e+01 6.500000000000000000e+01
4.860000000000000000e+02 6.931818181818182723e+01 6.666666666666665719e+01
4.870000000000000000e+02 6.926136363636364024e+01 6.083333333333332860e+01
4.880000000000000000e+02 6.857954545454545325e+01 6.916666666666667140e+01
4.890000000000000000e+02 6.931818181818182723e+01 6.750000000000000000e+01
4.900000000000000000e+02 6.920454545454545325e+01 6.250000000000000000e+01
4.910000000000000000e+02 6.806818181818181301e+01 6.750000000000000000e+01
4.920000000000000000e+02 6.857954545454545325e+01 6.333333333333332860e+01
4.930000000000000000e+02 6.971590909090909349e+01 6.250000000000000000e+01
4.940000000000000000e+02 6.909090909090909349e+01 6.416666666666667140e+01
4.950000000000000000e+02 6.857954545454545325e+01 6.333333333333332860e+01
4.960000000000000000e+02 6.903409090909090651e+01 6.583333333333332860e+01
4.970000000000000000e+02 6.954545454545454675e+01 6.250000000000000000e+01
4.980000000000000000e+02 7.000000000000000000e+01 6.750000000000000000e+01
4.990000000000000000e+02 6.960227272727273373e+01 6.916666666666667140e+01
5.000000000000000000e+02 6.943181818181818699e+01 6.416666666666667140e+01
5.010000000000000000e+02 7.005681818181818699e+01 6.833333333333332860e+01
5.020000000000000000e+02 6.926136363636364024e+01 6.833333333333332860e+01
5.030000000000000000e+02 6.801136363636362603e+01 6.333333333333332860e+01
5.040000000000000000e+02 6.971590909090909349e+01 6.666666666666665719e+01
5.050000000000000000e+02 6.886363636363635976e+01 6.750000000000000000e+01
5.060000000000000000e+02 6.812500000000000000e+01 6.166666666666667140e+01
5.070000000000000000e+02 6.960227272727273373e+01 6.833333333333332860e+01
5.080000000000000000e+02 6.954545454545454675e+01 6.916666666666667140e+01
5.090000000000000000e+02 6.869318181818181301e+01 6.250000000000000000e+01
5.100000000000000000e+02 6.977272727272728048e+01 7.166666666666667140e+01
5.110000000000000000e+02 6.965909090909090651e+01 6.833333333333332860e+01
5.120000000000000000e+02 6.738636363636362603e+01 6.583333333333332860e+01
5.130000000000000000e+02 6.977272727272728048e+01 7.083333333333334281e+01
5.140000000000000000e+02 6.857954545454545325e+01 6.333333333333332860e+01
5.150000000000000000e+02 6.909090909090909349e+01 6.583333333333332860e+01
5.160000000000000000e+02 7.090909090909090651e+01 6.750000000000000000e+01
5.170000000000000000e+02 7.028409090909090651e+01 6.583333333333332860e+01
5.180000000000000000e+02 6.982954545454545325e+01 6.750000000000000000e+01
5.190000000000000000e+02 7.113636363636362603e+01 6.583333333333332860e+01
5.200000000000000000e+02 7.011363636363637397e+01 6.666666666666665719e+01
5.210000000000000000e+02 6.988636363636364024e+01 6.583333333333332860e+01
5.220000000000000000e+02 7.113636363636362603e+01 6.750000000000000000e+01
5.230000000000000000e+02 6.977272727272728048e+01 6.750000000000000000e+01
5.240000000000000000e+02 7.090909090909090651e+01 6.333333333333332860e+01
5.250000000000000000e+02 7.102272727272726627e+01 6.333333333333332860e+01
5.260000000000000000e+02 7.125000000000000000e+01 6.583333333333332860e+01
5.270000000000000000e+02 7.136363636363635976e+01 6.583333333333332860e+01
5.280000000000000000e+02 7.085227272727271952e+01 6.166666666666667140e+01
5.290000000000000000e+02 7.068181818181817277e+01 6.750000000000000000e+01
5.300000000000000000e+02 7.102272727272726627e+01 6.750000000000000000e+01
5.310000000000000000e+02 7.022727272727273373e+01 6.416666666666667140e+01
5.320000000000000000e+02 7.079545454545454675e+01 6.916666666666667140e+01
5.330000000000000000e+02 7.130681818181817277e+01 6.833333333333332860e+01
5.340000000000000000e+02 7.102272727272726627e+01 6.416666666666667140e+01
5.350000000000000000e+02 7.159090909090909349e+01 6.750000000000000000e+01
5.360000000000000000e+02 7.125000000000000000e+01 6.500000000000000000e+01
5.370000000000000000e+02 7.159090909090909349e+01 6.500000000000000000e+01
5.380000000000000000e+02 7.170454545454545325e+01 6.750000000000000000e+01
5.390000000000000000e+02 7.113636363636362603e+01 6.416666666666667140e+01
5.400000000000000000e+02 7.176136363636364024e+01 6.833333333333332860e+01
5.410000000000000000e+02 7.187500000000000000e+01 6.750000000000000000e+01
5.420000000000000000e+02 7.164772727272726627e+01 6.666666666666665719e+01
5.430000000000000000e+02 7.187500000000000000e+01 6.666666666666665719e+01
5.440000000000000000e+02 7.176136363636364024e+01 6.750000000000000000e+01
5.450000000000000000e+02 7.170454545454545325e+01 6.666666666666665719e+01
5.460000000000000000e+02 7.221590909090909349e+01 6.750000000000000000e+01
5.470000000000000000e+02 7.181818181818181301e+01 6.416666666666667140e+01
5.480000000000000000e+02 7.221590909090909349e+01 6.750000000000000000e+01
5.490000000000000000e+02 7.232954545454545325e+01 6.666666666666665719e+01
5.500000000000000000e+02 7.170454545454545325e+01 6.500000000000000000e+01
5.510000000000000000e+02 7.232954545454545325e+01 6.916666666666667140e+01
5.520000000000000000e+02 7.215909090909090651e+01 6.666666666666665719e+01
5.530000000000000000e+02 7.238636363636364024e+01 6.666666666666665719e+01
5.540000000000000000e+02 7.255681818181818699e+01 6.916666666666667140e+01
5.550000000000000000e+02 7.187500000000000000e+01 6.333333333333332860e+01
5.560000000000000000e+02 7.284090909090909349e+01 6.916666666666667140e+01
5.570000000000000000e+02 7.187500000000000000e+01 6.916666666666667140e+01
5.580000000000000000e+02 7.250000000000000000e+01 6.416666666666667140e+01
5.590000000000000000e+02 7.204545454545454675e+01 6.666666666666665719e+01
5.600000000000000000e+02 7.073863636363635976e+01 6.583333333333332860e+01
5.610000000000000000e+02 7.232954545454545325e+01 6.416666666666667140e+01
5.620000000000000000e+02 7.238636363636364024e+01 6.666666666666665719e+01
5.630000000000000000e+02 7.051136363636362603e+01 6.750000000000000000e+01
5.640000000000000000e+02 7.113636363636362603e+01 6.833333333333332860e+01
5.650000000000000000e+02 7.187500000000000000e+01 6.583333333333332860e+01
5.660000000000000000e+02 7.261363636363637397e+01 7.000000000000000000e+01
5.670000000000000000e+02 7.284090909090909349e+01 6.833333333333332860e+01
5.680000000000000000e+02 7.181818181818181301e+01 6.250000000000000000e+01
5.690000000000000000e+02 7.068181818181817277e+01 6.916666666666667140e+01
5.700000000000000000e+02 7.284090909090909349e+01 6.750000000000000000e+01
5.710000000000000000e+02 7.221590909090909349e+01 6.083333333333332860e+01
5.720000000000000000e+02 6.960227272727273373e+01 6.833333333333332860e+01
5.730000000000000000e+02 7.119318181818181301e+01 6.166666666666667140e+01
5.740000000000000000e+02 7.244318181818182723e+01 6.833333333333332860e+01
5.750000000000000000e+02 7.107954545454545325e+01 7.000000000000000000e+01
5.760000000000000000e+02 7.187500000000000000e+01 6.333333333333332860e+01
5.770000000000000000e+02 7.267045454545454675e+01 6.666666666666665719e+01
5.780000000000000000e+02 7.153409090909090651e+01 6.666666666666665719e+01
5.790000000000000000e+02 7.261363636363637397e+01 6.416666666666667140e+01
5.800000000000000000e+02 7.340909090909090651e+01 6.833333333333332860e+01
5.810000000000000000e+02 7.085227272727271952e+01 6.666666666666665719e+01
5.820000000000000000e+02 7.272727272727273373e+01 6.500000000000000000e+01
5.830000000000000000e+02 7.397727272727271952e+01 6.833333333333332860e+01
5.840000000000000000e+02 7.227272727272728048e+01 6.750000000000000000e+01
5.850000000000000000e+02 7.250000000000000000e+01 6.833333333333332860e+01
5.860000000000000000e+02 7.329545454545454675e+01 6.333333333333332860e+01
5.870000000000000000e+02 7.221590909090909349e+01 7.166666666666667140e+01
5.880000000000000000e+02 7.323863636363637397e+01 6.583333333333332860e+01
5.890000000000000000e+02 7.375000000000000000e+01 6.750000000000000000e+01
5.900000000000000000e+02 7.306818181818182723e+01 6.750000000000000000e+01
5.910000000000000000e+02 7.250000000000000000e+01 6.416666666666667140e+01
5.920000000000000000e+02 7.403409090909090651e+01 6.750000000000000000e+01
5.930000000000000000e+02 7.312500000000000000e+01 6.833333333333332860e+01
5.940000000000000000e+02 7.295454545454545325e+01 6.500000000000000000e+01
5.950000000000000000e+02 7.414772727272726627e+01 6.833333333333332860e+01
5.960000000000000000e+02 7.301136363636364024e+01 6.833333333333332860e+01
5.970000000000000000e+02 7.357954545454545325e+01 6.833333333333332860e+01
5.980000000000000000e+02 7.431818181818181301e+01 6.833333333333332860e+01
5.990000000000000000e+02 7.357954545454545325e+01 6.916666666666667140e+01
6.000000000000000000e+02 7.414772727272726627e+01 6.583333333333332860e+01
6.010000000000000000e+02 7.409090909090909349e+01 6.583333333333332860e+01
6.020000000000000000e+02 7.187500000000000000e+01 6.750000000000000000e+01
6.030000000000000000e+02 7.414772727272726627e+01 6.666666666666665719e+01
6.040000000000000000e+02 7.369318181818181301e+01 6.666666666666665719e+01
6.050000000000000000e+02 7.306818181818182723e+01 6.916666666666667140e+01
6.060000000000000000e+02 7.409090909090909349e+01 6.666666666666665719e+01
6.070000000000000000e+02 7.380681818181817277e+01 6.500000000000000000e+01
6.080000000000000000e+02 7.335227272727273373e+01 6.833333333333332860e+01
6.090000000000000000e+02 7.386363636363635976e+01 6.666666666666665719e+01
6.100000000000000000e+02 7.409090909090909349e+01 6.500000000000000000e+01
6.110000000000000000e+02 7.221590909090909349e+01 6.500000000000000000e+01
6.120000000000000000e+02 7.426136363636362603e+01 6.583333333333332860e+01
6.130000000000000000e+02 7.323863636363637397e+01 6.666666666666665719e+01
6.140000000000000000e+02 7.284090909090909349e+01 7.000000000000000000e+01
6.150000000000000000e+02 7.357954545454545325e+01 6.583333333333332860e+01
6.160000000000000000e+02 7.437500000000000000e+01 6.750000000000000000e+01
6.170000000000000000e+02 7.403409090909090651e+01 6.750000000000000000e+01
6.180000000000000000e+02 7.500000000000000000e+01 6.750000000000000000e+01
6.190000000000000000e+02 7.465909090909090651e+01 6.750000000000000000e+01
6.200000000000000000e+02 7.306818181818182723e+01 6.833333333333332860e+01
6.210000000000000000e+02 7.460227272727271952e+01 6.666666666666665719e+01
6.220000000000000000e+02 7.494318181818181301e+01 6.833333333333332860e+01
6.230000000000000000e+02 7.403409090909090651e+01 6.916666666666667140e+01
6.240000000000000000e+02 7.505681818181818699e+01 6.666666666666665719e+01
6.250000000000000000e+02 7.539772727272728048e+01 6.833333333333332860e+01
6.260000000000000000e+02 7.431818181818181301e+01 7.000000000000000000e+01
6.270000000000000000e+02 7.471590909090909349e+01 6.500000000000000000e+01
6.280000000000000000e+02 7.511363636363635976e+01 6.916666666666667140e+01
6.290000000000000000e+02 7.477272727272726627e+01 7.000000000000000000e+01
6.300000000000000000e+02 7.454545454545454675e+01 6.583333333333332860e+01
6.310000000000000000e+02 7.545454545454545325e+01 6.833333333333332860e+01
6.320000000000000000e+02 7.488636363636364024e+01 6.916666666666667140e+01
6.330000000000000000e+02 7.551136363636364024e+01 6.750000000000000000e+01
6.340000000000000000e+02 7.562500000000000000e+01 6.833333333333332860e+01
6.350000000000000000e+02 7.522727272727273373e+01 6.916666666666667140e+01
6.360000000000000000e+02 7.556818181818182723e+01 6.833333333333332860e+01
6.370000000000000000e+02 7.556818181818182723e+01 6.833333333333332860e+01
6.380000000000000000e+02 7.505681818181818699e+01 6.666666666666665719e+01
6.390000000000000000e+02 7.579545454545454675e+01 6.750000000000000000e+01
6.400000000000000000e+02 7.494318181818181301e+01 7.083333333333334281e+01
6.410000000000000000e+02 7.562500000000000000e+01 6.750000000000000000e+01
6.420000000000000000e+02 7.607954545454545325e+01 6.916666666666667140e+01
6.430000000000000000e+02 7.556818181818182723e+01 7.000000000000000000e+01
6.440000000000000000e+02 7.607954545454545325e+01 7.000000000000000000e+01
6.450000000000000000e+02 7.590909090909090651e+01 6.916666666666667140e+01
6.460000000000000000e+02 7.596590909090909349e+01 6.583333333333332860e+01
6.470000000000000000e+02 7.448863636363635976e+01 6.750000000000000000e+01
6.480000000000000000e+02 7.482954545454545325e+01 6.833333333333332860e+01
6.490000000000000000e+02 7.659090909090909349e+01 6.833333333333332860e+01
6.500000000000000000e+02 7.636363636363637397e+01 6.750000000000000000e+01
6.510000000000000000e+02 7.539772727272728048e+01 6.750000000000000000e+01
6.520000000000000000e+02 7.488636363636364024e+01 6.750000000000000000e+01
6.530000000000000000e+02 7.613636363636364024e+01 6.666666666666665719e+01
6.540000000000000000e+02 7.539772727272728048e+01 6.833333333333332860e+01
6.550000000000000000e+02 7.539772727272728048e+01 6.750000000000000000e+01
6.560000000000000000e+02 7.517045454545454675e+01 6.583333333333332860e+01
6.570000000000000000e+02 7.625000000000000000e+01 6.916666666666667140e+01
6.580000000000000000e+02 7.630681818181818699e+01 6.833333333333332860e+01
6.590000000000000000e+02 7.545454545454545325e+01 6.833333333333332860e+01
6.600000000000000000e+02 7.619318181818182723e+01 6.750000000000000000e+01
6.610000000000000000e+02 7.573863636363637397e+01 6.583333333333332860e+01
6.620000000000000000e+02 7.619318181818182723e+01 7.166666666666667140e+01
6.630000000000000000e+02 7.687500000000000000e+01 6.916666666666667140e+01
6.640000000000000000e+02 7.556818181818182723e+01 6.583333333333332860e+01
6.650000000000000000e+02 7.551136363636364024e+01 7.083333333333334281e+01
6.660000000000000000e+02 7.573863636363637397e+01 6.666666666666665719e+01
6.670000000000000000e+02 7.681818181818181301e+01 6.833333333333332860e+01
6.680000000000000000e+02 7.579545454545454675e+01 7.250000000000000000e+01
6.690000000000000000e+02 7.573863636363637397e+01 6.666666666666665719e+01
6.700000000000000000e+02 7.687500000000000000e+01 7.083333333333334281e+01
6.710000000000000000e+02 7.642045454545454675e+01 7.083333333333334281e+01
6.720000000000000000e+02 7.573863636363637397e+01 6.750000000000000000e+01
6.730000000000000000e+02 7.653409090909090651e+01 7.000000000000000000e+01
6.740000000000000000e+02 7.653409090909090651e+01 7.083333333333334281e+01
6.750000000000000000e+02 7.687500000000000000e+01 6.916666666666667140e+01
6.760000000000000000e+02 7.681818181818181301e+01 7.083333333333334281e+01
6.770000000000000000e+02 7.670454545454545325e+01 7.083333333333334281e+01
6.780000000000000000e+02 7.693181818181817277e+01 6.833333333333332860e+01
6.790000000000000000e+02 7.738636363636362603e+01 7.000000000000000000e+01
6.800000000000000000e+02 7.693181818181817277e+01 6.916666666666667140e+01
6.810000000000000000e+02 7.647727272727273373e+01 6.666666666666665719e+01
6.820000000000000000e+02 7.715909090909090651e+01 7.166666666666667140e+01
6.830000000000000000e+02 7.619318181818182723e+01 7.000000000000000000e+01
6.840000000000000000e+02 7.625000000000000000e+01 6.750000000000000000e+01
6.850000000000000000e+02 7.670454545454545325e+01 7.166666666666667140e+01
6.860000000000000000e+02 7.710227272727271952e+01 6.916666666666667140e+01
6.870000000000000000e+02 7.670454545454545325e+01 6.833333333333332860e+01
6.880000000000000000e+02 7.602272727272728048e+01 7.000000000000000000e+01
6.890000000000000000e+02 7.755681818181817277e+01 6.833333333333332860e+01
6.900000000000000000e+02 7.715909090909090651e+01 6.833333333333332860e+01
6.910000000000000000e+02 7.579545454545454675e+01 6.916666666666667140e+01
6.920000000000000000e+02 7.630681818181818699e+01 6.833333333333332860e+01
6.930000000000000000e+02 7.750000000000000000e+01 7.166666666666667140e+01
6.940000000000000000e+02 7.710227272727271952e+01 7.000000000000000000e+01
6.950000000000000000e+02 7.681818181818181301e+01 6.666666666666665719e+01
6.960000000000000000e+02 7.755681818181817277e+01 7.083333333333334281e+01
6.970000000000000000e+02 7.698863636363635976e+01 7.000000000000000000e+01
6.980000000000000000e+02 7.556818181818182723e+01 6.666666666666665719e+01
6.990000000000000000e+02 7.664772727272726627e+01 6.833333333333332860e+01
7.000000000000000000e+02 7.755681818181817277e+01 7.083333333333334281e+01
7.010000000000000000e+02 7.642045454545454675e+01 6.833333333333332860e+01
7.020000000000000000e+02 7.687500000000000000e+01 7.250000000000000000e+01
7.030000000000000000e+02 7.784090909090909349e+01 7.000000000000000000e+01
7.040000000000000000e+02 7.681818181818181301e+01 6.833333333333332860e+01
7.050000000000000000e+02 7.664772727272726627e+01 7.250000000000000000e+01
7.060000000000000000e+02 7.772727272727271952e+01 6.916666666666667140e+01
7.070000000000000000e+02 7.767045454545454675e+01 6.833333333333332860e+01
7.080000000000000000e+02 7.750000000000000000e+01 7.250000000000000000e+01
7.090000000000000000e+02 7.840909090909090651e+01 6.833333333333332860e+01
7.100000000000000000e+02 7.784090909090909349e+01 6.750000000000000000e+01
7.110000000000000000e+02 7.732954545454545325e+01 7.166666666666667140e+01
7.120000000000000000e+02 7.795454545454545325e+01 6.916666666666667140e+01
7.130000000000000000e+02 7.801136363636364024e+01 6.916666666666667140e+01
7.140000000000000000e+02 7.687500000000000000e+01 7.166666666666667140e+01
7.150000000000000000e+02 7.607954545454545325e+01 6.750000000000000000e+01
7.160000000000000000e+02 7.727272727272726627e+01 6.750000000000000000e+01
7.170000000000000000e+02 7.767045454545454675e+01 7.250000000000000000e+01
7.180000000000000000e+02 7.687500000000000000e+01 6.750000000000000000e+01
7.190000000000000000e+02 7.681818181818181301e+01 6.833333333333332860e+01
7.200000000000000000e+02 7.755681818181817277e+01 7.166666666666667140e+01
7.210000000000000000e+02 7.727272727272726627e+01 7.000000000000000000e+01
7.220000000000000000e+02 7.727272727272726627e+01 7.083333333333334281e+01
7.230000000000000000e+02 7.715909090909090651e+01 7.166666666666667140e+01
7.240000000000000000e+02 7.732954545454545325e+01 6.916666666666667140e+01
7.250000000000000000e+02 7.676136363636362603e+01 7.000000000000000000e+01
7.260000000000000000e+02 7.835227272727273373e+01 7.000000000000000000e+01
7.270000000000000000e+02 7.738636363636362603e+01 6.916666666666667140e+01
7.280000000000000000e+02 7.653409090909090651e+01 7.166666666666667140e+01
7.290000000000000000e+02 7.744318181818181301e+01 6.750000000000000000e+01
7.300000000000000000e+02 7.698863636363635976e+01 6.833333333333332860e+01
7.310000000000000000e+02 7.704545454545454675e+01 7.083333333333334281e+01
7.320000000000000000e+02 7.750000000000000000e+01 7.000000000000000000e+01
7.330000000000000000e+02 7.744318181818181301e+01 7.083333333333334281e+01
7.340000000000000000e+02 7.744318181818181301e+01 7.083333333333334281e+01
7.350000000000000000e+02 7.625000000000000000e+01 6.666666666666665719e+01
7.360000000000000000e+02 7.857954545454545325e+01 7.250000000000000000e+01
7.370000000000000000e+02 7.710227272727271952e+01 6.833333333333332860e+01
7.380000000000000000e+02 7.710227272727271952e+01 6.833333333333332860e+01
7.390000000000000000e+02 7.738636363636362603e+01 7.083333333333334281e+01
7.400000000000000000e+02 7.846590909090909349e+01 6.916666666666667140e+01
7.410000000000000000e+02 7.846590909090909349e+01 6.916666666666667140e+01
7.420000000000000000e+02 7.823863636363635976e+01 6.916666666666667140e+01
7.430000000000000000e+02 7.846590909090909349e+01 7.083333333333334281e+01
7.440000000000000000e+02 7.857954545454545325e+01 7.000000000000000000e+01
7.450000000000000000e+02 7.795454545454545325e+01 7.250000000000000000e+01
7.460000000000000000e+02 7.812500000000000000e+01 7.000000000000000000e+01
7.470000000000000000e+02 7.880681818181818699e+01 6.916666666666667140e+01
7.480000000000000000e+02 7.835227272727273373e+01 7.166666666666667140e+01
7.490000000000000000e+02 7.903409090909090651e+01 6.916666666666667140e+01
7.500000000000000000e+02 7.795454545454545325e+01 7.000000000000000000e+01
7.510000000000000000e+02 7.914772727272728048e+01 7.166666666666667140e+01
7.520000000000000000e+02 7.903409090909090651e+01 7.000000000000000000e+01
7.530000000000000000e+02 7.823863636363635976e+01 7.250000000000000000e+01
7.540000000000000000e+02 7.892045454545454675e+01 7.000000000000000000e+01
7.550000000000000000e+02 7.937500000000000000e+01 7.083333333333334281e+01
7.560000000000000000e+02 7.880681818181818699e+01 7.166666666666667140e+01
7.570000000000000000e+02 7.880681818181818699e+01 6.916666666666667140e+01
7.580000000000000000e+02 7.823863636363635976e+01 7.250000000000000000e+01
7.590000000000000000e+02 7.971590909090909349e+01 7.000000000000000000e+01
7.600000000000000000e+02 7.948863636363637397e+01 6.833333333333332860e+01
7.610000000000000000e+02 7.914772727272728048e+01 7.250000000000000000e+01
7.620000000000000000e+02 7.892045454545454675e+01 6.916666666666667140e+01
7.630000000000000000e+02 7.892045454545454675e+01 7.000000000000000000e+01
7.640000000000000000e+02 8.005681818181817277e+01 7.166666666666667140e+01
7.650000000000000000e+02 7.869318181818182723e+01 6.916666666666667140e+01
7.660000000000000000e+02 7.687500000000000000e+01 7.000000000000000000e+01
7.670000000000000000e+02 7.880681818181818699e+01 6.916666666666667140e+01
7.680000000000000000e+02 7.960227272727273373e+01 7.250000000000000000e+01
7.690000000000000000e+02 7.875000000000000000e+01 6.916666666666667140e+01
7.700000000000000000e+02 7.727272727272726627e+01 7.083333333333334281e+01
7.710000000000000000e+02 7.789772727272726627e+01 7.083333333333334281e+01
7.720000000000000000e+02 7.857954545454545325e+01 6.666666666666665719e+01
7.730000000000000000e+02 7.977272727272726627e+01 7.250000000000000000e+01
7.740000000000000000e+02 7.931818181818182723e+01 7.166666666666667140e+01
7.750000000000000000e+02 7.863636363636364024e+01 6.833333333333332860e+01
7.760000000000000000e+02 7.835227272727273373e+01 7.333333333333332860e+01
7.770000000000000000e+02 7.948863636363637397e+01 7.000000000000000000e+01
7.780000000000000000e+02 7.994318181818181301e+01 7.083333333333334281e+01
7.790000000000000000e+02 7.840909090909090651e+01 7.416666666666667140e+01
7.800000000000000000e+02 7.863636363636364024e+01 7.000000000000000000e+01
7.810000000000000000e+02 7.869318181818182723e+01 7.333333333333332860e+01
7.820000000000000000e+02 7.965909090909090651e+01 7.000000000000000000e+01
7.830000000000000000e+02 7.948863636363637397e+01 7.083333333333334281e+01
7.840000000000000000e+02 7.982954545454545325e+01 7.333333333333332860e+01
7.850000000000000000e+02 7.971590909090909349e+01 7.083333333333334281e+01
7.860000000000000000e+02 7.982954545454545325e+01 7.083333333333334281e+01
7.870000000000000000e+02 7.960227272727273373e+01 7.166666666666667140e+01
7.880000000000000000e+02 7.954545454545454675e+01 7.000000000000000000e+01
7.890000000000000000e+02 7.988636363636362603e+01 7.333333333333332860e+01
7.900000000000000000e+02 8.028409090909090651e+01 7.000000000000000000e+01
7.910000000000000000e+02 7.971590909090909349e+01 7.083333333333334281e+01
7.920000000000000000e+02 8.039772727272726627e+01 7.250000000000000000e+01
7.930000000000000000e+02 7.948863636363637397e+01 7.000000000000000000e+01
7.940000000000000000e+02 7.909090909090909349e+01 7.083333333333334281e+01
7.950000000000000000e+02 7.960227272727273373e+01 7.083333333333334281e+01
7.960000000000000000e+02 7.994318181818181301e+01 7.250000000000000000e+01
7.970000000000000000e+02 8.005681818181817277e+01 7.250000000000000000e+01
7.980000000000000000e+02 8.022727272727271952e+01 7.083333333333334281e+01
7.990000000000000000e+02 7.988636363636362603e+01 7.333333333333332860e+01
8.000000000000000000e+02 7.954545454545454675e+01 7.000000000000000000e+01
8.010000000000000000e+02 8.005681818181817277e+01 7.416666666666667140e+01
8.020000000000000000e+02 8.005681818181817277e+01 7.166666666666667140e+01
8.030000000000000000e+02 7.931818181818182723e+01 7.166666666666667140e+01
8.040000000000000000e+02 8.051136363636362603e+01 7.166666666666667140e+01
8.050000000000000000e+02 8.079545454545454675e+01 7.083333333333334281e+01
8.060000000000000000e+02 7.948863636363637397e+01 6.916666666666667140e+01
8.070000000000000000e+02 8.022727272727271952e+01 7.166666666666667140e+01
8.080000000000000000e+02 8.028409090909090651e+01 7.083333333333334281e+01
8.090000000000000000e+02 8.011363636363635976e+01 7.250000000000000000e+01
8.100000000000000000e+02 8.051136363636362603e+01 7.083333333333334281e+01
8.110000000000000000e+02 7.982954545454545325e+01 7.083333333333334281e+01
8.120000000000000000e+02 8.051136363636362603e+01 7.250000000000000000e+01
8.130000000000000000e+02 8.090909090909090651e+01 7.250000000000000000e+01
8.140000000000000000e+02 7.954545454545454675e+01 7.250000000000000000e+01
8.150000000000000000e+02 8.028409090909090651e+01 7.166666666666667140e+01
8.160000000000000000e+02 8.073863636363635976e+01 7.166666666666667140e+01
8.170000000000000000e+02 7.954545454545454675e+01 7.333333333333332860e+01
8.180000000000000000e+02 8.079545454545454675e+01 7.250000000000000000e+01
8.190000000000000000e+02 8.068181818181817277e+01 7.166666666666667140e+01
8.200000000000000000e+02 8.028409090909090651e+01 7.166666666666667140e+01
8.210000000000000000e+02 8.107954545454545325e+01 7.250000000000000000e+01
8.220000000000000000e+02 8.045454545454545325e+01 7.166666666666667140e+01
8.230000000000000000e+02 8.096590909090909349e+01 7.083333333333334281e+01
8.240000000000000000e+02 8.045454545454545325e+01 7.083333333333334281e+01
8.250000000000000000e+02 8.068181818181817277e+01 7.083333333333334281e+01
8.260000000000000000e+02 8.045454545454545325e+01 7.333333333333332860e+01
8.270000000000000000e+02 8.102272727272726627e+01 6.916666666666667140e+01
8.280000000000000000e+02 8.068181818181817277e+01 7.166666666666667140e+01
8.290000000000000000e+02 8.107954545454545325e+01 7.250000000000000000e+01
8.300000000000000000e+02 8.073863636363635976e+01 7.166666666666667140e+01
8.310000000000000000e+02 8.079545454545454675e+01 7.166666666666667140e+01
8.320000000000000000e+02 8.090909090909090651e+01 7.083333333333334281e+01
8.330000000000000000e+02 7.994318181818181301e+01 7.333333333333332860e+01
8.340000000000000000e+02 8.096590909090909349e+01 7.083333333333334281e+01
8.350000000000000000e+02 8.068181818181817277e+01 7.083333333333334281e+01
8.360000000000000000e+02 8.102272727272726627e+01 7.166666666666667140e+01
8.370000000000000000e+02 8.107954545454545325e+01 7.250000000000000000e+01
8.380000000000000000e+02 8.034090909090909349e+01 7.250000000000000000e+01
8.390000000000000000e+02 7.982954545454545325e+01 7.166666666666667140e+01
8.400000000000000000e+02 8.090909090909090651e+01 7.166666666666667140e+01
8.410000000000000000e+02 8.096590909090909349e+01 7.083333333333334281e+01
8.420000000000000000e+02 8.142045454545454675e+01 7.250000000000000000e+01
8.430000000000000000e+02 8.028409090909090651e+01 7.083333333333334281e+01
8.440000000000000000e+02 8.130681818181818699e+01 7.250000000000000000e+01
8.450000000000000000e+02 8.125000000000000000e+01 7.083333333333334281e+01
8.460000000000000000e+02 8.051136363636362603e+01 7.166666666666667140e+01
8.470000000000000000e+02 8.073863636363635976e+01 7.250000000000000000e+01
8.480000000000000000e+02 8.181818181818182723e+01 7.000000000000000000e+01
8.490000000000000000e+02 8.073863636363635976e+01 7.250000000000000000e+01
8.500000000000000000e+02 8.056818181818181301e+01 7.166666666666667140e+01
8.510000000000000000e+02 7.994318181818181301e+01 7.083333333333334281e+01
8.520000000000000000e+02 8.204545454545454675e+01 7.083333333333334281e+01
8.530000000000000000e+02 8.136363636363635976e+01 7.083333333333334281e+01
8.540000000000000000e+02 7.954545454545454675e+01 7.166666666666667140e+01
8.550000000000000000e+02 8.000000000000000000e+01 7.083333333333334281e+01
8.560000000000000000e+02 8.090909090909090651e+01 7.250000000000000000e+01
8.570000000000000000e+02 7.948863636363637397e+01 7.250000000000000000e+01
8.580000000000000000e+02 7.823863636363635976e+01 7.083333333333334281e+01
8.590000000000000000e+02 7.948863636363637397e+01 7.000000000000000000e+01
8.600000000000000000e+02 8.130681818181818699e+01 7.166666666666667140e+01
8.610000000000000000e+02 8.039772727272726627e+01 7.416666666666667140e+01
8.620000000000000000e+02 7.903409090909090651e+01 6.833333333333332860e+01
8.630000000000000000e+02 8.090909090909090651e+01 7.416666666666667140e+01
8.640000000000000000e+02 8.136363636363635976e+01 7.250000000000000000e+01
8.650000000000000000e+02 8.011363636363635976e+01 7.166666666666667140e+01
8.660000000000000000e+02 7.897727272727273373e+01 7.333333333333332860e+01
8.670000000000000000e+02 7.931818181818182723e+01 6.916666666666667140e+01
8.680000000000000000e+02 8.113636363636364024e+01 7.416666666666667140e+01
8.690000000000000000e+02 8.193181818181818699e+01 7.250000000000000000e+01
8.700000000000000000e+02 8.022727272727271952e+01 7.333333333333332860e+01
8.710000000000000000e+02 8.085227272727271952e+01 7.333333333333332860e+01
8.720000000000000000e+02 8.125000000000000000e+01 7.250000000000000000e+01
8.730000000000000000e+02 8.113636363636364024e+01 7.250000000000000000e+01
8.740000000000000000e+02 8.005681818181817277e+01 7.166666666666667140e+01
8.750000000000000000e+02 8.039772727272726627e+01 7.250000000000000000e+01
8.760000000000000000e+02 8.164772727272728048e+01 7.416666666666667140e+01
8.770000000000000000e+02 8.005681818181817277e+01 7.000000000000000000e+01
8.780000000000000000e+02 8.011363636363635976e+01 7.083333333333334281e+01
8.790000000000000000e+02 8.136363636363635976e+01 7.166666666666667140e+01
8.800000000000000000e+02 8.227272727272728048e+01 7.000000000000000000e+01
8.810000000000000000e+02 8.096590909090909349e+01 7.333333333333332860e+01
8.820000000000000000e+02 8.102272727272726627e+01 7.083333333333334281e+01
8.830000000000000000e+02 8.125000000000000000e+01 7.166666666666667140e+01
8.840000000000000000e+02 8.119318181818181301e+01 7.166666666666667140e+01
8.850000000000000000e+02 8.170454545454545325e+01 7.166666666666667140e+01
8.860000000000000000e+02 7.994318181818181301e+01 7.000000000000000000e+01
8.870000000000000000e+02 8.232954545454545325e+01 7.166666666666667140e+01
8.880000000000000000e+02 8.210227272727273373e+01 7.083333333333334281e+01
8.890000000000000000e+02 8.142045454545454675e+01 7.250000000000000000e+01
8.900000000000000000e+02 8.085227272727271952e+01 7.083333333333334281e+01
8.910000000000000000e+02 8.034090909090909349e+01 7.166666666666667140e+01
8.920000000000000000e+02 8.210227272727273373e+01 7.166666666666667140e+01
8.930000000000000000e+02 8.284090909090909349e+01 7.250000000000000000e+01
8.940000000000000000e+02 8.045454545454545325e+01 7.000000000000000000e+01
8.950000000000000000e+02 8.073863636363635976e+01 7.083333333333334281e+01
8.960000000000000000e+02 8.187500000000000000e+01 7.250000000000000000e+01
8.970000000000000000e+02 8.181818181818182723e+01 7.250000000000000000e+01
8.980000000000000000e+02 8.238636363636364024e+01 7.416666666666667140e+01
8.990000000000000000e+02 8.159090909090909349e+01 7.083333333333334281e+01
9.000000000000000000e+02 8.238636363636364024e+01 7.166666666666667140e+01
9.010000000000000000e+02 8.221590909090909349e+01 7.333333333333332860e+01
9.020000000000000000e+02 8.170454545454545325e+01 7.166666666666667140e+01
9.030000000000000000e+02 8.170454545454545325e+01 7.250000000000000000e+01
9.040000000000000000e+02 8.147727272727273373e+01 7.250000000000000000e+01
9.050000000000000000e+02 8.227272727272728048e+01 7.166666666666667140e+01
9.060000000000000000e+02 8.198863636363637397e+01 7.166666666666667140e+01
9.070000000000000000e+02 8.017045454545454675e+01 7.250000000000000000e+01
9.080000000000000000e+02 8.102272727272726627e+01 7.166666666666667140e+01
9.090000000000000000e+02 8.238636363636364024e+01 7.166666666666667140e+01
9.100000000000000000e+02 8.107954545454545325e+01 7.166666666666667140e+01
9.110000000000000000e+02 8.028409090909090651e+01 7.250000000000000000e+01
9.120000000000000000e+02 8.017045454545454675e+01 7.333333333333332860e+01
9.130000000000000000e+02 8.204545454545454675e+01 7.250000000000000000e+01
9.140000000000000000e+02 8.272727272727273373e+01 7.250000000000000000e+01
9.150000000000000000e+02 8.045454545454545325e+01 7.166666666666667140e+01
9.160000000000000000e+02 8.085227272727271952e+01 7.250000000000000000e+01
9.170000000000000000e+02 8.090909090909090651e+01 7.250000000000000000e+01
9.180000000000000000e+02 8.267045454545454675e+01 7.250000000000000000e+01
9.190000000000000000e+02 8.210227272727273373e+01 7.250000000000000000e+01
9.200000000000000000e+02 8.051136363636362603e+01 7.000000000000000000e+01
9.210000000000000000e+02 8.187500000000000000e+01 7.166666666666667140e+01
9.220000000000000000e+02 8.232954545454545325e+01 7.333333333333332860e+01
9.230000000000000000e+02 8.153409090909090651e+01 7.166666666666667140e+01
9.240000000000000000e+02 8.181818181818182723e+01 7.250000000000000000e+01
9.250000000000000000e+02 8.039772727272726627e+01 7.083333333333334281e+01
9.260000000000000000e+02 8.198863636363637397e+01 7.416666666666667140e+01
9.270000000000000000e+02 8.284090909090909349e+01 7.250000000000000000e+01
9.280000000000000000e+02 8.232954545454545325e+01 7.250000000000000000e+01
9.290000000000000000e+02 8.170454545454545325e+01 7.333333333333332860e+01
9.300000000000000000e+02 8.085227272727271952e+01 7.083333333333334281e+01
9.310000000000000000e+02 8.142045454545454675e+01 7.250000000000000000e+01
9.320000000000000000e+02 8.306818181818181301e+01 7.083333333333334281e+01
9.330000000000000000e+02 8.255681818181818699e+01 7.166666666666667140e+01
9.340000000000000000e+02 8.119318181818181301e+01 7.250000000000000000e+01
9.350000000000000000e+02 8.034090909090909349e+01 6.916666666666667140e+01
9.360000000000000000e+02 8.181818181818182723e+01 7.250000000000000000e+01
9.370000000000000000e+02 8.278409090909090651e+01 7.250000000000000000e+01
9.380000000000000000e+02 8.295454545454545325e+01 7.416666666666667140e+01
9.390000000000000000e+02 8.227272727272728048e+01 7.500000000000000000e+01
9.400000000000000000e+02 7.971590909090909349e+01 7.000000000000000000e+01
9.410000000000000000e+02 8.028409090909090651e+01 7.250000000000000000e+01
9.420000000000000000e+02 8.073863636363635976e+01 7.083333333333334281e+01
9.430000000000000000e+02 8.159090909090909349e+01 7.333333333333332860e+01
9.440000000000000000e+02 8.153409090909090651e+01 7.083333333333334281e+01
9.450000000000000000e+02 8.068181818181817277e+01 7.250000000000000000e+01
9.460000000000000000e+02 8.261363636363637397e+01 7.250000000000000000e+01
9.470000000000000000e+02 8.170454545454545325e+01 7.000000000000000000e+01
9.480000000000000000e+02 8.176136363636364024e+01 7.416666666666667140e+01
9.490000000000000000e+02 8.204545454545454675e+01 7.166666666666667140e+01
9.500000000000000000e+02 8.261363636363637397e+01 7.166666666666667140e+01
9.510000000000000000e+02 8.272727272727273373e+01 7.333333333333332860e+01
9.520000000000000000e+02 8.164772727272728048e+01 7.166666666666667140e+01
9.530000000000000000e+02 8.147727272727273373e+01 7.166666666666667140e+01
9.540000000000000000e+02 8.323863636363635976e+01 7.250000000000000000e+01
9.550000000000000000e+02 8.323863636363635976e+01 7.250000000000000000e+01
9.560000000000000000e+02 8.250000000000000000e+01 7.333333333333332860e+01
9.570000000000000000e+02 8.323863636363635976e+01 7.250000000000000000e+01
9.580000000000000000e+02 8.181818181818182723e+01 7.250000000000000000e+01
9.590000000000000000e+02 8.318181818181817277e+01 7.333333333333332860e+01
9.600000000000000000e+02 8.323863636363635976e+01 7.166666666666667140e+01
9.610000000000000000e+02 8.073863636363635976e+01 7.000000000000000000e+01
9.620000000000000000e+02 7.954545454545454675e+01 7.083333333333334281e+01
9.630000000000000000e+02 8.159090909090909349e+01 7.250000000000000000e+01
9.640000000000000000e+02 8.227272727272728048e+01 7.250000000000000000e+01
9.650000000000000000e+02 8.187500000000000000e+01 7.166666666666667140e+01
9.660000000000000000e+02 8.085227272727271952e+01 7.166666666666667140e+01
9.670000000000000000e+02 8.147727272727273373e+01 6.916666666666667140e+01
9.680000000000000000e+02 8.278409090909090651e+01 7.500000000000000000e+01
9.690000000000000000e+02 8.153409090909090651e+01 7.166666666666667140e+01
9.700000000000000000e+02 8.227272727272728048e+01 7.333333333333332860e+01
9.710000000000000000e+02 8.267045454545454675e+01 7.250000000000000000e+01
9.720000000000000000e+02 8.340909090909090651e+01 7.250000000000000000e+01
9.730000000000000000e+02 8.221590909090909349e+01 7.416666666666667140e+01
9.740000000000000000e+02 8.062500000000000000e+01 7.000000000000000000e+01
9.750000000000000000e+02 8.363636363636362603e+01 7.500000000000000000e+01
9.760000000000000000e+02 8.363636363636362603e+01 7.333333333333332860e+01
9.770000000000000000e+02 8.068181818181817277e+01 7.166666666666667140e+01
9.780000000000000000e+02 8.136363636363635976e+01 7.250000000000000000e+01
9.790000000000000000e+02 8.301136363636362603e+01 7.333333333333332860e+01
9.800000000000000000e+02 8.323863636363635976e+01 7.333333333333332860e+01
9.810000000000000000e+02 8.221590909090909349e+01 7.333333333333332860e+01
9.820000000000000000e+02 8.147727272727273373e+01 7.250000000000000000e+01
9.830000000000000000e+02 8.323863636363635976e+01 7.250000000000000000e+01
9.840000000000000000e+02 8.323863636363635976e+01 7.416666666666667140e+01
9.850000000000000000e+02 8.278409090909090651e+01 7.416666666666667140e+01
9.860000000000000000e+02 8.340909090909090651e+01 7.333333333333332860e+01
9.870000000000000000e+02 8.272727272727273373e+01 7.250000000000000000e+01
9.880000000000000000e+02 8.380681818181817277e+01 7.416666666666667140e+01
9.890000000000000000e+02 8.318181818181817277e+01 7.166666666666667140e+01
9.900000000000000000e+02 8.198863636363637397e+01 7.333333333333332860e+01
9.910000000000000000e+02 8.306818181818181301e+01 7.333333333333332860e+01
9.920000000000000000e+02 8.335227272727271952e+01 7.166666666666667140e+01
9.930000000000000000e+02 8.289772727272726627e+01 7.333333333333332860e+01
9.940000000000000000e+02 8.232954545454545325e+01 7.333333333333332860e+01
9.950000000000000000e+02 8.267045454545454675e+01 7.333333333333332860e+01
9.960000000000000000e+02 8.386363636363635976e+01 7.250000000000000000e+01
9.970000000000000000e+02 8.386363636363635976e+01 7.250000000000000000e+01
9.980000000000000000e+02 8.272727272727273373e+01 7.250000000000000000e+01
9.990000000000000000e+02 8.255681818181818699e+01 7.250000000000000000e+01
