-8.313197029870168439e-03
-2.188652926490100570e-02
-2.257464565163186734e-02
2.905402168826107592e-02
3.189765513574926298e-02
-5.047675970550885571e-02
-8.301261986922307823e-02
7.658503591398478465e-03
2.654337221010398887e-02
-4.912560643870486632e-02
5.359801701150890968e-02
3.167692326416075843e-02
1.669182575280423082e-03
-9.869763858692712222e-02
1.060170642986114214e-01
-5.729663138962397956e-02
3.436815673529128312e-02
-1.008807737556324108e-01
-4.154721555784788439e-02
-1.548317243452591689e-02
-1.204327262179331059e-01
5.179939473216713802e-02
2.283439959246713613e-02
-1.428838416962234514e-02
1.207469506530018007e-02
-2.804776262506601670e-03
6.426727835329912319e-02
-5.855369720278610912e-02
1.788788728117531382e-02
6.272193590518188033e-02
-4.200239745464093288e-02
8.725848763045383760e-02
-9.690324999649964355e-02
1.062003363610405926e-01
-3.869682474906799372e-03
-7.550906034057074112e-02
-7.146419911534598879e-02
1.024354440771306669e-02
5.856616125976680381e-02
-1.895490863709891130e-02
3.920990311866167505e-02
7.192897065276564195e-02
-2.649883178706822356e-02
2.383201853239661286e-02
-5.475431769432407766e-03
-6.348614950966400931e-03
1.242046063774521550e-02
9.375506301842168044e-02
7.410900625964431110e-02
1.998729574080114479e-03
1.043381316918345729e-02
1.000211902511101147e-01
-2.084247817655414392e-02
-8.269266974672168091e-02
-2.006757848622701609e-02
-6.123023834416220501e-02
1.096048902517339912e-01
2.700088900821598099e-03
9.926980187145573523e-03
3.240434642496899803e-02
5.094662608828777473e-02
-2.395325591600827152e-03
7.277837021732525002e-02
-2.242553602282119918e-02
7.846071606950939803e-02
2.980094152729755724e-02
-4.294000873209540686e-02
4.472377850766140841e-04
-9.924134851084228520e-03
-2.114410776851495186e-02
-7.164026169935881760e-02
-4.312126196980745063e-02
3.694857028771698915e-02
-3.780794381306337715e-02
-1.990738122532262691e-02
-7.776654988439522798e-02
-6.081234656466667776e-02
-7.212067484458696554e-02
4.722116510779342247e-02
1.819880754109721652e-02
7.454034979346911560e-02
-5.382266489739453118e-03
-8.711425908101497195e-02
-2.108252586986864366e-02
9.171338082608485390e-03
-8.940868796244126615e-02
-1.252992241128695061e-01
3.538043237844640809e-01
1.455315822362862046e-03
-1.218976587979676666e-02
2.600686660489243823e-02
-6.611181909853958150e-02
8.818453194814848684e-03
-2.587444676939837027e-02
2.502805662686714144e-02
1.087234478535943627e-01
2.735832835577919550e-02
5.015194014955542262e-02
1.315479016381698035e-02
-1.200151312905279807e-02
5.773591064336491135e-02
1.083805964872504302e-02
8.748200038799608391e-02
-3.733568511022463676e-01
-4.596879830307701829e-03
3.944780168276503657e-02
-3.706279676273242091e-02
-6.788240973809277212e-02
-2.947955034983964009e-02
-5.022735131147071028e-03
5.309179045661163721e-02
4.481103175490436935e-02
-1.276709962121513053e-01
-1.371438563741301520e-01
-8.915990380742391808e-02
-1.086775329779295224e-01
1.301632572056025646e-03
2.209829157171009917e-01
2.665524012132936688e-02
5.127726122516421819e-02
5.559774668386188723e-02
-9.605037196624671703e-02
-4.108430731957275067e-02
-4.041457228259111994e-02
-5.096949741712096527e-02
-8.320830789081075374e-02
1.591043244309367846e-02
7.981398473395905080e-02
2.619384280513689309e-02
4.643250420872824247e-02
-3.188062383982923076e-02
-1.076085192573214278e-01
-1.112630017427849727e-01
-3.289485532202141016e-02
-3.264290178498108208e-02
-1.124907601592293610e-01
-2.177759536556691383e-02
7.925243215393751664e-03
-1.319584039118851118e-03
-2.214283358594469620e-02
-1.009625704319853413e-02
2.525805778042046132e-02
4.048214040009195241e-02
-5.747538657556235803e-02
2.195768048466816835e-01
-9.452259317404873573e-02
2.967067716887138856e-02
-2.630903479150686203e-02
-2.641183345992262343e-01
4.917970327542582620e-02
1.491870333061786902e-01
8.200451093797860025e-02
-1.037037830152595791e-01
-2.325863616436511447e-02
7.227397847977305723e-02
6.076409238690114872e-02
3.462304842088791829e-02
-2.757918088313776953e-02
1.163854697692157519e-01
-2.112619741607403220e-02
-3.024324389283566394e-01
-2.317661678832925662e-02
3.757012209814742515e-02
2.177368367904578342e-02
2.019404901382965689e-01
-5.330733663353662971e-02
-3.232095916550222631e-02
5.185727214184984724e-02
-3.518092655258289736e-01
-3.198382412070839842e-01
-1.300206016896057748e-02
1.337439804847983388e-02
7.083013901218523922e-02
-3.676271305060574424e-02
4.228343939982034255e-02
-2.767182044433387500e-02
-1.502626517515686863e-02
-8.754562809159826403e-03
7.673506011920060155e-02
-1.927312879563034265e-01
-2.959995626510032729e-02
4.934575120058757453e-02
-9.372960665801021579e-03
-1.478035475197326254e-01
-8.686380013240500853e-02
6.727728434495800110e-03
3.656137790187136832e-02
6.985145316960995887e-02
-5.729935008324122531e-02
-1.426982744333304964e-02
2.205408419873705964e-02
-1.186634543530446645e-02
-3.399309676814896153e-02
2.369756610735542779e-01
1.790992353877358112e-01
-3.283332422216148072e-02
3.785273502978404175e-03
-7.813208622141380386e-03
1.324664756128395536e-02
5.253201348880857241e-02
-1.088593943909437062e-01
-8.903890946176887256e-02
-1.775022473638627682e-02
-2.624090762806699159e-02
-7.530689535765185127e-02
-1.589669559565516643e-02
-4.048384034564510986e-02
1.459377594546711239e-02
2.439352649550417459e-02
2.813195035339099426e-01
1.130808831985677734e-02
4.891331304234748656e-02
-1.417153749361070580e-01
4.891068892265572343e-03
-1.688942096225247089e-02
3.107181503541830286e-03
-1.115813932601294189e-01
-1.192364550552451989e-02
2.433786813345900635e-02
6.521572714094598343e-03
1.684486824740537847e-01
-1.001020560660595068e-02
4.103289021381661961e-02
-9.925633718773139991e-02
-1.492593866742069134e-02
-1.441194971057542240e-01
-2.428244986348845891e-03
-5.461469634682071528e-02
-1.457687264429398388e-01
-2.442433790576837432e-02
7.632949516749136520e-02
2.557372814392092422e-02
-2.829522515891157511e-02
-8.557912756708972377e-03
-9.351023816671860667e-02
-2.891884001418382547e-02
3.205985612393488088e-02
-2.236595460261251583e-02
2.741064442047039251e-02
1.076339235439673428e-02
-3.742805847591634122e-02
-1.833851039057450213e-02
-1.685491103573315405e-03
-2.639288772544775077e-02
5.399915346295016544e-02
-4.584308021924161924e-02
-7.172283498934627077e-02
7.600490673974215350e-02
1.800011578890833158e-02
-7.966770634890915637e-02
8.005063740975938355e-03
-5.404980336409958008e-01
1.789129173839703116e-02
-3.137917101407205339e-02
2.975888935212493702e-03
-1.816802593637485697e-01
4.266635806725738861e-02
9.056462063290426912e-02
9.683303683752997326e-02
-4.153813368259899608e-02
-5.677244187065515202e-02
4.096842680103027906e-02
-1.414295237231064650e-01
-3.926594632235295632e-03
-1.929447814020629481e-03
5.918978644626477631e-02
4.556235880537046895e-02
-3.924663184315278774e-02
3.184982603389065886e-02
8.266016695673127079e-02
6.756750619330569030e-02
-2.541536620681292616e-02
2.134719635041901556e-02
-2.519409853855277687e-02
-4.097938504001873150e-02
3.176694084347066460e-01
1.154547105487741809e-01
4.540768666079867538e-02
1.026396938950019898e-02
-2.923590320366605336e-02
2.343623037545664728e-02
1.683608689060066624e-02
1.997403778538885816e-02
2.430675701065594229e-03
2.696674411528780096e-02
3.861123431800486672e-02
7.674738541830856964e-02
1.085822666152351686e-02
1.564687477180089908e-02
7.492657520751215550e-02
-3.647714236198740245e-02
-4.022588592968945331e-02
4.024442852587092195e-02
-3.570716881803035793e-03
6.288868201395059199e-02
9.680885288419685542e-02
1.050100658951569760e-01
-8.717110302289292692e-03
4.193198064920287439e-03
5.358856803312513073e-02
-1.626232827051427021e-01
-2.350439836916240531e-04
5.611923644880432993e-02
2.393266318685860136e-02
-6.686954843864896525e-02
8.489364486621278627e-02
-1.367046784898639372e-02
8.120630126738703075e-03
-1.220409755939030373e-02
-3.869313078527681412e-03
4.045989809926885811e-02
5.613720404971988404e-02
-2.472610713686634876e-02
-1.045756488994612488e-01
2.910509773256026930e-02
1.747743874343880887e-03
3.044026914568164974e-02
5.140879431336017186e-02
-5.540949658763423026e-03
-5.390213383591218460e-02
-4.291961501175607652e-02
-2.873146181275521363e-02
-4.610823298554947436e-02
1.054604572798998746e-01
1.665285740801532299e-01
-4.866252410547698692e-02
2.518909800459445680e-02
-6.664861121075808803e-02
-9.256488634253955128e-02
6.495472864928845957e-02
2.860382275083662301e-02
8.625268175196162956e-02
-2.868726559500503481e-02
-1.830090043790183474e-02
-2.434029697516737478e-02
1.487439999858159063e-03
4.513257549190477502e-02
1.332278580900915846e-02
1.093098379411769489e-01
-2.580831964347191781e-02
-6.160229156877074924e-02
1.472932119769352899e-01
5.042209021165756921e-02
1.902893709070170580e-02
4.726143927609203349e-02
3.356179128189257926e-02
4.355472333576577981e-02
2.098858768778493269e-02
6.842678495406452621e-02
7.665551179277853289e-02
-5.390088401024622361e-02
5.720856453665972702e-03
1.902405522883527170e-02
8.993724146514299467e-02
7.264722981131306601e-02
7.825120283443857960e-02
4.624311260513653404e-02
-1.186314816812407413e-01
-6.922714087605426336e-02
-4.242093162389297921e-03
-4.060498068245740888e-02
-7.483812959004348432e-03
-7.588465338355640522e-02
1.871303792425786303e-02
7.230216132235571525e-02
-4.507527502489498683e-03
6.771600993669384116e-02
-2.263196879994693045e-01
-8.339026256615103549e-02
7.474627928542615374e-02
1.094995262801816832e-01
-6.598767762183939400e-02
1.008365255990819817e-02
3.085437612869560559e-03
-6.972576744312469765e-02
5.109664104795407641e-02
-3.242103922861142625e-03
2.553415892975226600e-02
-4.504856515948352236e-02
1.177432522984457608e-01
5.054564042082261566e-02
3.551776592262691212e-02
7.557056151398348909e-02
-3.110545083111003473e-02
-2.934380801123665991e-02
-4.875973873645049472e-02
-1.041776640003451611e-02
-3.937270792068354314e-02
-3.234910362051122978e-02
2.464584673279474059e-02
-1.817270637055022064e-01
-1.305113676874074535e-01
-1.411031438715139655e-02
-5.897573865502986346e-02
-4.819263845630882004e-02
4.144293528920489633e-02
6.469596210154715532e-02
-3.743541933633596944e-04
1.675559707018357825e-02
-6.939687202150394453e-03
-1.321974951325784187e-02
5.659609907389409611e-03
8.989661489590806964e-02
2.727841668023262695e-02
4.504901567220463698e-02
-6.848471581942637554e-02
-4.088237894975360089e-03
6.793041465747906918e-03
-5.785669449001668019e-02
1.948729192157666046e-01
1.542685417199512327e-02
-4.117086332460221840e-04
4.341939303840099303e-03
1.125425048967719673e-02
-7.328179120451863704e-02
-1.386119957276739090e-01
-6.682904935431335791e-02
-7.354823549713361552e-03
4.373471034820916592e-02
3.033441740255355193e-02
5.561674138637152931e-02
5.496972401722729010e-03
-3.161162796953466414e-02
-8.726648786480890874e-02
-3.477791271265135570e-02
-5.632118884609918497e-02
-3.847723703605147177e-02
3.130984697465540034e-02
-8.916817353113475064e-02
7.567861811750843659e-02
3.184051002311207024e-02
5.664349733195767067e-02
6.362596818830551504e-02
2.248218595902424025e-02
-4.855440428246812941e-03
1.601990855905642205e-02
3.740945876376869372e-02
-7.740473579610473998e-02
8.737631898774729511e-02
5.782323400748776848e-02
-2.131683775064033021e-03
1.348638335209216554e-01
7.037649974662993357e-02
-1.811883706696543542e-02
-4.764376861804334173e-02
-4.305321356388502885e-02
7.907543568474606488e-02
-8.304166227003992318e-02
5.656279957822896859e-02
5.849971868105131000e-03
5.562249708395839570e-02
-3.654566595835096604e-02
-2.483416833984898944e-03
1.148905675613779293e-01
1.083288261440561312e-01
-1.230615746437939279e-01
1.138405391588124677e-01
6.397271469023332879e-02
-3.151624125749066807e-02
-6.911858023557389263e-02
3.203666545013050815e-02
-6.114785820657864246e-02
-2.244498158702615612e-02
1.080644519936613430e-02
-5.959140958139135663e-02
1.289864104927537780e-02
-3.261552155903093414e-02
2.820445755770593574e-02
-1.104387910715343927e-03
6.027950168720023344e-02
-9.626549365025786897e-02
-4.854417060563735731e-02
1.369599596676881852e-02
-7.821474344579743346e-03
9.254923701750145809e-03
-4.235686961294662933e-02
4.857410735459670968e-03
3.312859752131564611e-02
2.292298351874010043e-02
-1.361923157744030638e-02
5.442660478719820935e-03
4.082369695063322451e-02
-2.065323143523118202e-02
-3.600835498079042046e-02
-9.008340015810571699e-02
-7.477761845090810655e-02
1.403555145801322138e-02
7.203444249707964542e-02
-2.677515298578294570e-03
-1.155916424361325689e-01
1.662845061139698807e-02
2.883556726968272352e-02
1.955662013761826426e-02
4.564981169193051136e-02
3.144806722245771513e-02
3.283931196881955533e-02
-8.637359500193081407e-02
3.201754471808399699e-02
1.261785426851916581e-01
-4.702698012361903983e-03
-3.564979061664939886e-02
1.014582083000012541e-01
-2.729671001348287504e-04
5.018421457606937752e-02
1.330348361692463774e-02
2.073951158969773376e-02
-5.122982376282374933e-02
-1.258667360052757346e-03
-4.882130511669682468e-03
-5.475459085979294399e-02
-3.770916419850916385e-02
-2.529754948656254276e-01
-2.085130026820180768e-02
5.299615293178597253e-02
-8.528407567998592953e-02
7.134726114698282384e-02
9.773816853228747825e-02
6.297091073529526017e-02
2.402867065360362112e-02
8.615863791145469963e-03
-1.928767922468295135e-02
5.358556600605701020e-02
8.162806424711278874e-02
-2.787631208229072732e-01
-1.172493350639827181e-01
4.257725452524199067e-03
3.121317206158670185e-02
-6.834066456514333032e-03
6.961940577674149630e-03
5.512533053674716077e-02
2.134466347772576156e-02
-6.988005895048431115e-02
-1.217889933590459856e-01
-3.262799547928548621e-02
5.770313119722265092e-03
4.151252251186800940e-02
2.402741092826183797e-02
3.813074676536873375e-02
6.004961581007149662e-02
8.764577991234867582e-02
-3.260379402024880108e-02
-4.184065276835915136e-03
6.856324552158243879e-02
4.067299189191113384e-02
1.518313511334967551e-02
-2.808854564667307568e-02
-5.403459630293786994e-03
-2.701268078841032039e-02
-4.770515336764798858e-02
-9.914758591952061231e-03
-1.744945365212431307e-02
2.174012252691740962e-02
-1.289061517462141565e-02
-2.950674264947595812e-02
-1.697242284339604140e-02
2.294650416155530337e-02
4.724189774357046012e-02
1.098671683192054688e-01
1.234741728328940351e-02
-2.198414358798351717e-02
9.097583542994757896e-03
-2.786207195010520846e-02
1.637915213419547864e-02
-2.230295388978780977e-02
4.289765950759903169e-03
1.869713881865033706e-02
7.152860577593597724e-02
5.287355815565713407e-02
7.660965181184836714e-02
-2.163947106741065038e-02
-8.282001436446273512e-02
6.809424492506160886e-02
3.791337113840737710e-02
2.558633872441201662e-02
-3.798658506619927155e-02
4.747057316068701432e-03
1.397571049534606369e-01
-7.939829189898053863e-02
5.978782817816480355e-02
4.767493035585033262e-02
-5.586334582305774003e-03
-1.647729965433037957e-01
1.491311677176289027e-02
-1.819268912013554708e-03
-1.649090582611561703e-02
6.130490602480437312e-02
3.623125347939671476e-02
7.238149864523732435e-02
7.884442172215790426e-03
2.311091730603977851e-02
5.244539629599897362e-02
2.838477530884849220e-01
3.126587013778284185e-02
2.346241610012290285e-02
1.712848420531696003e-01
8.639266612880716623e-02
9.387032465780223434e-03
2.889649708931214464e-02
2.505567027825668022e-02
-2.399863115478498982e-02
4.106322636303035012e-02
5.670223657459074612e-02
4.732759224046444169e-02
4.491082574709601843e-02
3.423356710935447633e-02
-7.440147891047640440e-03
-4.580253380829867743e-02
-4.427075202465618337e-02
-8.585064596206161414e-02
2.391668983180852623e-02
-8.521518398188304005e-03
1.145929392194216731e-02
-6.041955317442822965e-02
4.635788091464750765e-02
-5.679760543291944436e-02
4.779572024811774150e-02
-1.270349775536757098e-01
2.937009405872272397e-02
-1.007447671045232779e-02
1.466801930383553054e-02
-6.250102830594868319e-02
-1.056916271916800640e-02
-1.062554154014512531e-02
1.594375329840586053e-02
-8.615307760301654794e-02
-9.028517870449717653e-02
-1.761897540530445172e-02
-2.856122394062370756e-02
-1.090071024661789928e-01
-1.064609727922524451e-01
-1.048230058817352546e-02
1.212912016943705484e-01
-1.474473379917291653e-02
1.444689329230143017e-02
1.476797467630538985e-02
-1.004078278360351212e-01
-4.440512465194792341e-02
-5.342215643875171394e-02
-4.518386320891121244e-02
-1.850302033577509372e-02
-9.440551232235631918e-02
8.145580311695088671e-02
1.478730404473720117e-02
-4.497278719944473035e-01
-7.897100426845148069e-02
-2.434869440042056535e-02
1.513775117186655639e-01
4.873279943680309395e-02
2.734463954426920220e-03
-4.492001942745838666e-02
-1.465540605217482417e-01
-3.678611679924698868e-02
-9.494284783718656348e-03
-4.334177841707329698e-02
2.720544163036765425e-02
-2.348702891564442494e-02
1.601427916771038309e-02
-1.440422221068576349e-02
1.549030541672041447e-02
-3.364649204828798479e-02
3.808130623478694909e-02
-5.774470707014611043e-02
-1.036254638137532741e-01
1.576850067373261296e-04
-3.238306374311176322e-02
-4.679207352548370169e-02
8.308037318982725017e-02
-9.667738167797440552e-02
3.701926255793203373e-03
-9.831528284387543865e-03
-3.602942485933898192e-03
8.597105970655067458e-03
2.544674940691327505e-02
4.009464952639111429e-02
-3.789630708154557298e-02
-6.812432643060264970e-02
-4.165099794200809169e-02
-7.364146489005668483e-02
4.681249185436203025e-02
4.353154052901615084e-03
6.874261282592700195e-02
5.908852455606936060e-02
-1.398817880696422988e-01
1.187278795073545973e-01
2.560804376622169073e-02
8.029165418251774100e-02
-5.258884247716403421e-02
-2.367893381950792603e-02
8.766807062969911302e-02
-1.049707321098361859e-02
-7.621244913509570007e-02
-1.060045720295511515e-02
-8.866171861385965108e-03
-9.193983365485447479e-02
-2.152730874693034591e-02
-5.468998192966767480e-02
-8.438254660911725935e-02
-4.020136077157100973e-01
-1.647837107014622771e-01
1.088832859901413264e-01
5.344537628467265628e-02
-6.352898533695869321e-02
5.647287909577136666e-02
7.330951244707534231e-02
1.217495176514684502e-02
-7.040662436682221248e-02
2.022256304607306654e-01
1.188340059781487490e-01
-2.135385803354603734e-02
-1.282888643710914170e-02
2.011740532315748134e-02
1.381745274363949116e-01
-4.810707517987760501e-02
-5.280770969997519715e-02
1.672340622715576611e-02
7.401466159054866101e-02
1.611548618576080782e-02
-1.848454745073584427e-01
-7.924373543399631029e-03
8.654375148769656925e-03
-6.684439954710332844e-03
-8.586350471032923315e-02
1.024371626350049497e-01
-2.866605933503921233e-01
-1.510282764446707962e-02
2.936836105999737420e-02
1.268675900515354171e-01
3.012610854358081791e-02
-1.743881049749976264e-02
-1.858061134355329727e-02
3.275222362286529798e-02
2.380246259384581967e-02
-1.212691308331639295e-01
-2.966249159124172488e-02
-8.205934126425236397e-03
-2.414238408044255824e-02
-8.615139773122469646e-02
6.293755348156190865e-02
1.442193636629269908e-02
3.072857699433700213e-02
3.170364249699514914e-01
2.675736356501419166e-01
7.315294655267987056e-02
4.995529417338542139e-02
-2.951583772554663282e-02
1.774446912807255972e-01
-1.597030966714706735e-01
-3.709304289103521057e-02
3.938870747514153919e-02
2.285338489140659873e-02
1.535452785403486620e-01
4.309346466633794115e-02
2.741730566535224151e-02
2.730120227477575434e-02
4.996024435385328089e-02
-6.113933546020222654e-02
2.146911302880160147e-02
2.258369688757951299e-01
2.656606808621846116e-02
4.922254865111411366e-03
-3.949263204939024857e-02
-3.471767963207829377e-02
-1.224949246207002705e-02
2.220266808651676083e-02
-4.938130931432401470e-03
4.381513267017975860e-02
6.719117903853663587e-02
-5.427481873237653687e-02
-3.002396578219202264e-02
-3.194209958446126568e-02
2.985261571980101641e-02
-3.346609719898335084e-02
9.631573471714135679e-03
-9.491340486295976597e-02
5.689106384592984567e-01
-2.851628281033205883e-02
-2.941468755644759125e-02
-1.274292930943393132e-01
-1.557924213256085821e-02
-6.734213450636591936e-02
5.228120047589347730e-02
-4.783423295945135600e-02
2.592666825730459076e-02
6.417924140929224218e-03
1.934673401436298040e-02
-3.462868526252509821e-02
-9.359392266172901487e-02
1.806360593452766353e-02
-5.010679961984344094e-02
4.626560811566491488e-02
4.565210973963681335e-02
-3.319950334655848503e-03
2.685236145884374939e-02
-1.084919121727911332e-03
-1.881655505192457792e-02
2.900323298865456131e-02
1.188665397428332604e-01
-3.262185312429764089e-02
8.578621081106520274e-02
2.717691232871420615e-02
1.302082621304543990e-02
2.726939890189438581e-02
3.679369213671447765e-03
-4.409322408102752354e-03
-4.414322728154188025e-01
-8.747026555297415795e-02
-8.664318525214792510e-02
-2.606383748868626449e-02
1.068022236608191095e-02
1.178945998702461175e-02
-1.224235924555339555e-01
-8.684466880546541645e-02
-7.596375181182017135e-03
-2.359147656392646814e-02
6.379835378459415649e-04
5.502813481722788197e-02
5.248319757482221987e-02
6.982698954083534082e-02
5.724607755853867996e-02
1.723143194012059440e-02
2.989481339413594951e-01
-1.018878614056281245e-01
-1.594217638723754299e-02
1.691295686371208085e-01
2.036705354629276404e-02
-5.080978143683928137e-04
-5.825414787336765515e-02
2.248998634243272367e-03
1.631961691560962491e-03
5.599354925647973685e-02
4.801983616950807054e-02
-8.922443096775072024e-02
4.272549161928655415e-01
1.497175786055706392e-01
-2.308052864309472277e-02
4.028680562442270296e-02
9.735413485459721086e-03
-3.567331233421887349e-02
6.713663533144946516e-02
1.554164372335775646e-02
-6.388852260130736815e-02
4.195224480886567547e-02
-7.905770564956478286e-02
-6.253246712838052279e-02
6.010574021016609758e-02
1.389351854460322069e-02
-4.658001801207459214e-02
-1.016524102921560931e-02
-3.501191866722078855e-02
1.382440760329696310e-02
-5.225768145972202461e-02
7.173649241655434550e-02
1.803867823149665484e-01
1.500500196727997393e-01
-3.038920919617227497e-03
2.997145549019572530e-02
3.841188217852765235e-02
7.080711870272564379e-02
-3.775008364675705441e-02
-6.818763717063691231e-04
-5.027931993835724894e-02
-1.726099515048942490e-01
1.562516454825336187e-01
-4.551194018768822680e-02
-1.316592446323256935e-02
5.253846232526280385e-02
1.552080805676071991e-02
-6.329828105147725092e-02
3.849760339373372448e-02
-9.102290348850357316e-03
-9.255030852210381284e-03
7.782612291300572416e-02
-3.638858390327837783e-02
4.570776934600931374e-02
-1.377417893258155515e-03
-1.172681063198385658e-02
-2.669958127495191888e-02
-1.065398372356870516e-01
1.430814983057333498e-02
-1.068875498779713225e-02
-1.411345742361414836e-02
1.498164018449496537e-02
-8.479462508947453736e-03
3.343759737708942859e-02
1.661690258829625483e-02
-1.770704029892020137e-01
-1.136075771927890637e-02
-2.610487766429180068e-02
-6.493912785952150706e-03
-1.323438280159372482e-02
-9.532439755074614135e-03
-2.635324157778999241e-02
5.577754722045912515e-03
5.635371915480896776e-02
-8.913864892496144166e-02
-4.806247717924294616e-02
8.142788063189129039e-03
2.248125552304371111e-02
4.841770189065185831e-02
4.545670430457563176e-04
-3.757189785650919683e-02
6.422486013417301465e-02
-9.686178084449631465e-02
-9.894229727399558166e-03
-6.862738714944402463e-02
-1.872371579511772008e-02
-7.774714685285073756e-02
1.444614942561072979e-01
3.217222466634659522e-02
6.506309866321942359e-02
7.641849371387080848e-03
1.080434074374508752e-01
-3.911897387564924194e-02
4.406398392938726954e-02
3.494196876443000227e-02
1.280573835914317060e-01
4.723483018332714362e-02
-2.581180159803241753e-02
3.867598566201031068e-02
4.040402895878947992e-02
3.288756656777266918e-01
-2.900038066461852609e-02
5.803469398669222623e-02
2.951289192121868410e-02
2.402320147079403390e-01
1.380971760927576508e-01
-7.409639164381660870e-02
-7.278149008177065005e-02
-3.969429525959846522e-02
1.057767897387711931e-01
-8.266524345930371942e-03
5.858034680574227687e-02
-1.987059552104338267e-01
2.046300566119824485e-02
2.772203440975592320e-02
3.248893407362471973e-03
-5.439160150570957614e-02
2.057620222640789698e-01
9.592173720524028308e-03
-1.321084811526778702e-01
1.712525980689640070e-01
1.171397139314023367e-01
5.261270566953495098e-02
-1.644073127816181312e-02
-3.544744692252567442e-02
4.994205848017979621e-02
-9.515313440640175979e-02
-1.035608839370237982e-01
2.226823082701917186e-02
-3.723228369487560207e-03
-2.376304139883440511e-02
-9.333847452904840691e-02
1.545486390325833681e-01
2.073198482613407626e-02
3.685742648453291942e-02
-2.085495710279211404e-04
3.046185586396778569e-02
-4.790308110255650509e-02
1.276684871219678150e-02
-5.041754932242507176e-02
2.869515219045177742e-02
5.024038389271375665e-02
-1.496638861753174163e-02
1.036217832703489883e-01
-3.163092453599904152e-02
-2.710976905584461943e-03
-4.096626692953556081e-02
8.346750888294242332e-02
3.530063721396489718e-02
4.736104953172010079e-02
-3.111543680693379735e-02
8.831308597986285702e-02
-1.268516909511277621e-03
3.082329560667236568e-03
-1.525774776110602471e-01
5.580678348949354856e-02
-3.423655518175349605e-02
3.418922516860042893e-02
-6.515775610537044571e-02
-4.982366062392934447e-02
3.234382396510052660e-01
1.731753019716630870e-02
1.390729392849081869e-01
1.513808939982659064e-02
5.774547596266893512e-02
-2.637106011140529990e-02
-2.445716759780487692e-02
7.698291639562364341e-02
1.050733758600441714e-01
8.825928772896877994e-02
-4.281162339916604054e-02
4.226014221884662712e-03
-9.567966173580995382e-02
6.190937976562858186e-02
1.157223879730810701e-02
3.764858701123724449e-02
9.620072723744856058e-03
2.075383735229296804e-03
-1.782982795908602536e-01
-3.441821707408319886e-02
1.657569257109542740e-02
2.250661793144120501e-02
6.876616492516565184e-03
-1.134678664283990529e-01
1.108285670238093323e-02
-3.141288119171792986e-02
-1.105207505876338175e-01
-1.434378185144112305e-01
-6.586187445733694690e-02
6.246954716944808084e-02
8.127386935263820888e-02
-1.515461386006172924e-02
-9.340927819968923573e-02
-2.672811759356446756e-02
1.201092354536945940e-02
-5.924188652431398860e-02
-5.339704421313892779e-02
3.737721010793454077e-03
8.011159979279548760e-02
3.655245242160905239e-02
-3.040750679829083702e-02
-2.013907556523695727e-02
-6.667697069724604075e-02
3.703274940294917772e-02
5.055712634839176073e-02
3.479115353033664787e-02
4.089191456943433445e-02
-1.754551966765378933e-03
1.369497354517220655e-01
7.573958544316237995e-02
-4.791138626110967580e-02
-2.537267184555677679e-02
5.865832363226373969e-03
1.811516972209926413e-01
1.326703661381717185e-02
5.156827437620019328e-02
-1.347404347102262520e-02
-8.098531046340099251e-03
1.565043837950173128e-02
-3.230909149426995208e-03
6.239854276196896490e-03
-1.946945253999527586e-02
8.535627474027589158e-04
2.232047278730335538e-02
7.679880317747969642e-02
7.420666234711610632e-02
-2.010500004341160898e-02
1.322101860999787618e-02
7.652225140530213854e-02
7.973299639394619553e-02
2.638423378803800984e-02
6.321320274515476387e-03
9.344378010408206647e-02
2.864161085451035760e-01
-1.066198873701507989e-02
2.752903253801800010e-01
-7.711840041039702554e-02
1.306460000878838842e-03
-2.724470771481511677e-02
1.210373416537035424e-02
-2.718119032452441519e-02
-6.745477458366432033e-02
-6.008342109192330027e-02
6.549677505748494055e-02
1.257352054174158684e-01
-1.211903843662953499e-02
-6.875938050478005992e-02
7.088222211331594858e-02
8.501482241014632346e-02
1.371706541663610460e-02
-4.825262296932628786e-02
2.971332996853249392e-02
1.022458248888252208e-01
-4.908480280247484728e-03
6.357320115070420885e-02
7.675593463723823749e-03
8.029189976102950321e-02
-1.611522812686686235e-01
8.191944051637622959e-02
1.432549856758189022e-02
5.687162348099520509e-03
9.379200092524246635e-02
-6.828417624253987905e-02
-3.398820029214785765e-02
-4.342555303316371351e-02
-3.636915799336856159e-01
-8.606155535559670278e-03
5.050833514262598016e-03
-3.119604179989995951e-02
-2.488210726412715817e-02
-6.658263976958302133e-02
1.328188814516912016e-02
7.301214112528540967e-02
1.966219617145425341e-02
-1.109209775407156429e-01
2.022947235413442152e-02
5.189039717792758716e-02
-6.921699284219977322e-02
1.401039649946443991e-02
1.315386841412571062e-01
1.020441814626635024e-01
9.065078075854419992e-02
2.696441966438559851e-02
-2.003690884528999336e-02
-7.482129766304963792e-02
-8.962381646092013390e-03
-9.098317403595276853e-02
1.464548331050072316e-02
5.091163722375081219e-02
-2.050310762845603541e-01
7.012149688250564339e-02
2.840744969711284443e-02
3.688995944549938732e-02
-1.047828998377280940e-01
-9.458476146081164215e-02
-7.697716146500044321e-02
3.740715077030748459e-02
2.360982746141560701e-02
2.270317496053814860e-02
-7.694922261825234977e-03
-4.880267820186484640e-02
-6.415544503055879699e-02
9.823527978340308719e-02
-3.360459180374089465e-03
1.003530956033203830e-01
-1.664665108359555598e-02
6.309477425595677591e-02
-3.709537979752849327e-03
1.195919313156938307e-01
-2.727776835905076566e-02
3.196858273988648080e-03
6.937703524583295478e-02
-1.136423153640242351e-01
1.327116940204540463e-01
4.898545006670135954e-02
1.026597522130908852e-01
1.788179627624925105e-02
-6.719350188560437032e-03
-4.569485630866391285e-02
2.975834588795962105e-02
-7.268956668657988729e-02
1.016483483361526295e-02
-9.399174131429122170e-02
2.534947496038606612e-02
2.203833458033732651e-02
6.397389819198150140e-02
7.739417227207064098e-02
-1.526709941966558105e-02
5.587548333271663559e-02
-2.398004322990921616e-02
1.516051102929454608e-01
-5.573788481369203705e-03
2.947446448716306913e-02
4.301259538557575951e-02
1.038025122576037573e-02
2.570161585929795975e-02
-2.495208351757913570e-02
8.593691615228438163e-02
1.898937271866598872e-02
-9.024817609783760894e-03
-3.083281052420995261e-01
7.013762522649005793e-02
-2.364169952859765944e-01
5.815042889668937259e-02
-4.992337893448888647e-02
3.519430877421850928e-02
-3.069171837245109752e-02
1.158583206270321214e-01
-1.126752746243948611e-01
6.696299103469456615e-02
3.126715634944038369e-02
1.516322857488400754e-02
7.001367580056219730e-02
-9.518994256481691507e-02
6.999291630896480043e-02
4.094731532651740835e-02
-3.968137679166589687e-02
3.549627766468407136e-02
-2.991059841867679814e-02
-7.376608826011527009e-02
4.912998209607426919e-03
-7.963466814728192844e-02
-1.354232147356210269e-03
7.927292256678400428e-02
1.390959335103266435e-02
-1.261719249618684924e-01
-9.151669425611165531e-02
-4.948002648168948331e-02
1.933786467475611878e-02
9.847464994754645540e-02
7.656494376275727043e-02
2.463295031294749499e-02
-4.848763423548785312e-02
1.164862387564012253e-01
1.233650321115152826e-01
8.915089134121499670e-02
-2.574613345908178738e-02
1.345691298422602676e-02
2.412255464331352836e-02
2.381798410523730536e-02
7.297476247274180261e-02
1.839781740865891607e-02
8.659737451379583700e-03
-1.410914850690799666e-02
-4.682116203529245596e-03
6.500563100014082607e-02
1.176929820169877877e-01
-5.194910665211766726e-02
-1.233869535226884582e-03
5.041277171522295930e-02
4.463399981286018427e-03
-3.012386071999553425e-02
-4.337578214675295168e-02
-4.687183079311117023e-02
6.161028600327424914e-02
2.718894639960090995e-02
2.373665094657054220e-02
2.098906700460625996e-01
-2.838870263626775900e-02
2.839968763622490594e-02
3.313879297809678437e-02
-8.350111818540632835e-02
6.218617871600016361e-02
1.199728535053177711e-02
-1.518646768223230470e-01
3.051152827364984367e-03
-8.583470542791489521e-02
-7.105067178345732780e-03
1.441135867297435036e-01
-7.283880754394592106e-05
2.766760864252400254e-02
5.101467661010398308e-02
-9.297563014173643170e-03
-3.380794267236318651e-02
-9.506754590219680667e-02
-9.474729225607263217e-02
1.087874573960858904e-01
-1.750643360787312169e-02
-3.286824374184803277e-02
-3.396715410872477164e-02
3.167778389655166033e-02
9.331618213996990818e-02
-7.372771951031814250e-03
-2.772949407812144371e-02
-1.789388270066136211e-02
-3.685031470905620471e-02
-1.681431959679489246e-02
-4.476782646585689140e-02
-4.615597786106712640e-03
-5.015936874472289204e-03
-5.431893102549392033e-02
1.826026831147379507e-04
-2.111410298644279208e-03
-9.086174637824856112e-03
5.923238317558900123e-02
-4.119137344988015731e-02
2.227913999082849553e-02
7.278469849032011274e-02
2.094600029983279682e-02
6.512022634668730714e-02
6.073331167615880766e-03
7.560520282699750849e-02
-3.123887537323808972e-01
1.527022818243666154e-02
2.651593019411455088e-02
-3.137190172990864806e-02
-2.092167691724093614e-02
-3.334325423575485448e-01
-8.292768708597918204e-02
7.606867654103890639e-03
-2.215170001547007994e-02
7.440199759078858222e-02
-2.060689242008250169e-02
-4.878568951485516558e-02
1.044274577502671414e-01
1.062804591475916688e-01
-2.135921995864920389e-02
3.373056414980409035e-02
-2.515467308905011690e-01
2.093348329926346743e-02
-6.379273262901219432e-02
-2.528688130159661290e-02
5.337705169194006255e-02
-6.907115679202009695e-02
-2.554136150703847918e-02
1.760464635682766621e-02
-1.685604015547085763e-02
9.904102142575660350e-02
2.520181233086591158e-02
-2.344645189341140398e-02
-1.364427233718025212e-01
-1.358297712517812783e-01
-3.924416302572009130e-03
-4.626969130552539139e-02
4.388994876315994303e-02
8.928436029169278809e-02
-3.794727665258026961e-02
2.032183661486699697e-02
-2.065508337977095890e-02
1.507237571890265686e-02
-9.225617619660889113e-02
-5.220847102613453139e-02
-3.407911240955292624e-03
6.030442367501408912e-02
-5.427581957293087234e-02
-6.560933567037532076e-03
8.721309766267716646e-02
-5.272993229804925908e-02
-4.241132239983862878e-02
2.633673291993631621e-02
9.775654722902016314e-02
1.795739638346279671e-02
8.275078296944335388e-02
-1.980011021448012474e-03
5.105126915132884857e-02
-9.535407203101484153e-02
1.531985716315227564e-02
-1.003620675545034702e-02
4.313808071009549855e-02
1.723895790081192772e-02
-2.311796513595842928e-02
7.357861458149645871e-05
2.554219654127639488e-02
-5.225563370255196377e-02
2.607414006536735995e-02
5.456037841690476731e-02
1.104653829910912273e-02
-3.655553295260106916e-02
-2.563967945428836243e-02
-9.026337604695256270e-03
-5.804462085645868685e-03
-1.121058831922986110e-01
8.296210065312392690e-02
-1.380910024277917127e-02
4.552333196872831826e-03
-1.205947357735170644e-01
-5.874778538564773278e-02
3.311491180863476713e-02
1.870513149125793001e-02
-5.057364276542894443e-02
-5.600286891669256639e-02
-6.329030988426435911e-02
7.997907257044724327e-02
-3.775107415972463187e-02
4.425831160415723275e-02
-1.399799370415469313e-01
4.513028299123139631e-02
2.231473194648042335e-01
1.922317223604210965e-02
-1.164795135103876000e-01
-6.969391698443423017e-03
7.777906842161826616e-03
2.855749781142922702e-02
3.685276756133027548e-02
-1.623842452428144456e-01
-3.081508105147714310e-02
6.304840331073784110e-02
6.460800084849321889e-02
5.342788880005217012e-02
-3.380897328690179310e-02
6.904897273051809059e-02
-6.921701410409232362e-03
7.380312602319638593e-02
1.263473589700506994e-01
-6.145128401510088767e-02
2.443671384985392214e-03
7.056002364963379070e-02
4.496820626196636195e-02
-1.402672325763599792e-01
-1.239261180410419078e-02
-1.293501723320934493e-01
-5.878321196371374263e-02
-6.042367865583736508e-02
4.226243957679520769e-02
1.123688654439885803e-01
5.633304250895607623e-05
2.125835819296376800e-02
-4.452547504872101519e-02
6.893606517891406882e-02
3.504023624687424565e-02
8.851647404714873407e-03
-2.370053561203060502e-02
8.267169287568465127e-03
1.571414491975947625e-02
-2.356026272102309388e-02
-8.727057563305352927e-02
1.514004638864342445e-01
8.106539238803106562e-02
1.695160149068062477e-02
3.767306168184045984e-02
-6.415874115020082924e-02
1.350091945909122904e-01
2.221051335039063435e-01
5.958838664893962439e-02
-2.741947485889892344e-02
-1.648970724199053106e-01
-2.794237567664511340e-02
3.727145435838969539e-02
5.119222335261751355e-02
6.943525267836279935e-02
8.867255627128173279e-02
6.285859390339307295e-02
-1.058773674598780107e-01
-7.313809778577062826e-02
-3.933796605577936228e-02
-1.016942399100631729e-02
-1.612016176920006219e-02
5.443637095301867568e-02
-4.294923398570768547e-02
-2.436319921173556169e-01
7.839396023064797159e-02
3.499722759045944404e-02
2.073332116948444631e-02
-5.834701940224598649e-02
9.057950816622857559e-02
3.924751045549058209e-02
3.753157407135986751e-02
-8.413900586610658251e-04
-5.553100056769052356e-02
-5.965289040175743296e-02
-8.629028442344288674e-02
-4.984364127726430976e-02
-3.146228123233691942e-01
5.886905675929570564e-02
1.877210115291198106e-02
8.165843979573034206e-02
-8.129030425190674966e-03
-1.382874052753223226e-02
5.345821738859828087e-02
-1.457357656776496480e-02
2.444942998582001412e-02
4.032126967963515357e-02
-2.009915106524322315e-02
-5.257094915123450285e-02
1.370148075511471233e-02
-9.620959041601354067e-02
-1.311227979962371892e-01
-3.732353852912859843e-02
-2.942817585334090574e-02
-2.389243970970255163e-02
-4.574711601511444875e-02
6.788666504988817747e-03
-3.913559462973723729e-02
2.102200486280119893e-02
4.147889917839802515e-02
-2.357565088504203488e-01
-8.700282887948822264e-03
-1.367941019805418712e-01
-6.903445146857602188e-02
-6.142219982128876467e-03
5.180752230877138514e-02
-3.046194433355348119e-02
5.474114900506262676e-02
-1.857370311859689316e-02
-5.545741495832805928e-02
6.507562251966511613e-02
-4.349740395548878924e-02
2.135408133778927617e-02
-2.158684267221840092e-01
-9.682599967337331137e-02
-6.264259880293517047e-02
5.145230772930581287e-02
3.069653769909367908e-03
-5.777548079969194866e-02
-1.498277193479113922e-02
1.754005161930089450e-04
4.943173201503845565e-02
1.725938320232650938e-02
-6.623785292810617509e-02
-6.538488389168760351e-02
-4.940406253240328671e-02
-8.232605434567263902e-02
-3.546542372820910612e-03
1.559341988154147422e-02
-1.020563481206653023e-01
8.951586255415727722e-03
-1.946397825224259904e-03
8.930602642261933899e-03
3.653769485877356865e-02
3.166226275133488758e-03
1.285607422904874036e-02
3.208321832110778288e-02
-1.874681962995736195e-02
-3.937258077542060697e-02
3.846306873550139893e-02
1.336290855024397338e-02
-3.524617057830233685e-02
8.351860483802373003e-02
-7.206668570353356833e-03
-1.882880464131115802e-02
-8.371089470693708623e-02
-9.475388880592744076e-03
-1.319503008427508686e-02
1.095141935928494320e-01
1.358649988982670032e-02
2.661780894251343857e-02
-3.792985726689315773e-02
-1.620211268381423556e-02
3.720996396766692443e-02
6.398263585353725080e-02
3.039807416930014050e-02
3.401826377318880462e-02
1.455758806932810900e-02
9.149883062622021432e-03
9.900481695029739529e-03
7.095023053080266873e-02
3.033066965897907377e-02
-9.312425094034173720e-03
-5.058154269463883100e-03
6.121630882729540805e-03
4.759834727717749889e-03
1.453865649950455696e-01
-1.226542928841102727e-02
-2.038121940020615544e-02
-6.841487675898893107e-04
2.244142855970412617e-02
2.225371014960532967e-01
-2.201196291182750189e-02
-9.803713826599823235e-04
-5.780883072933060141e-02
4.534367710079575259e-02
-1.188587256427516975e-01
6.136185112566330813e-02
3.193555013194266518e-02
-3.552955796708490849e-02
-1.367624549278562661e-02
9.908848332021061300e-02
1.895298494373472836e-02
9.385127690996059036e-02
-5.987689871887622028e-03
-2.203076410741157051e-02
6.463461544333620745e-02
1.929316260325015164e-03
-1.419430157870901210e-01
-7.856085363259532979e-04
5.210125574045911846e-03
-8.715627334602845527e-03
-6.767468188271018315e-02
-4.197149601240024452e-02
-1.306337841470921191e-01
1.853204129604757271e-03
3.252574512945040353e-02
2.132266288427577330e-02
-1.683649698093840075e-01
-6.887899836615640758e-02
3.682754532956944438e-02
-1.262220718559419787e-02
6.727528549983602911e-03
-2.782349671011591363e-02
-2.868651115323494691e-02
1.565209164401215255e-02
-1.307054411361850965e-01
-2.513218095227364585e-02
-1.810401868707142703e-02
4.993640446620683376e-02
-1.441111879115863081e-01
-6.985120049001070086e-02
2.238578882391819430e-02
-3.057336794157650833e-02
-3.382536261057497023e-02
-4.385061139975864747e-02
-9.883697405849191375e-02
5.493237106197625119e-02
-4.312357004293693868e-02
1.666797706931281292e-02
5.997828764215394626e-02
-1.570796816992428915e-02
3.111075111551487443e-02
-7.834684187300577918e-02
-1.290586116732531652e-01
5.428208937855257682e-02
-3.734235262610880596e-02
2.573138940360568741e-02
-1.306281039558258167e-02
1.903680877935204074e-01
-7.051866763433847773e-02
1.358874663631878810e-01
5.169060862170155035e-02
-1.534115833229354568e-02
7.240194832961584226e-02
7.119525830439801806e-02
6.101682778337490232e-02
9.227432367103019506e-02
1.171231118476166906e-02
1.194541176726869776e-02
8.029489600818945361e-02
-7.458341762073622538e-02
-1.228957882911246857e-01
-1.334829465169652118e-01
-8.522281890235029744e-02
-6.759140828768191167e-02
-3.314611821850924761e-02
4.187079624333128747e-02
-1.239303140151935823e-01
-8.809491120855879320e-02
4.352275599230824576e-02
4.388637547366913000e-02
1.891496906521799443e-02
-2.253080024260619568e-02
3.347401855857212033e-02
-1.106477770540983431e-02
2.389786585300780405e-02
-1.936122884454413370e-02
9.673615910613608815e-02
-5.218923296099312048e-02
-1.069081474788595443e-02
-8.469305748020765356e-02
3.370886166550562252e-02
4.277295124638592211e-02
-2.978990189226903701e-02
4.022614419711813966e-02
-2.177570132326636931e-01
5.994000266987783293e-02
5.076429258280726331e-02
9.986414372393423444e-02
5.785070619078865051e-02
3.041775013757211377e-02
3.934780791592324412e-01
2.618897810721055319e-01
9.133823085136602571e-02
-9.559937492977485518e-02
4.549496407213098753e-02
2.986338647963993759e-02
6.116422765788536581e-02
1.544412010289598555e-02
3.880461251581187460e-02
-3.129842401918581096e-02
-1.493809800323754426e-02
5.379480320015768077e-03
1.721202172215244644e-02
-1.240189061696073472e-02
1.873586487495317032e-02
5.379613556306021100e-04
-5.638569393385051143e-02
-8.780972243229245855e-02
7.525995140037948505e-02
3.818205693972814146e-02
-3.117538811893283759e-02
6.456589790476598145e-02
-1.101687867710383732e-02
-1.231112750243418090e-02
1.127430181438018528e-02
-6.430591826647719111e-02
5.330335914832185634e-02
-2.804437475716598308e-02
2.136364168826003843e-02
-2.635734798977605944e-02
-4.031559297078428361e-02
5.469236935209189493e-02
9.443095483679629643e-02
1.514885327944902327e-01
-1.292001365354500109e-01
-3.892791949598919943e-02
5.325395576399730851e-02
-5.856085912098867030e-02
-2.955229495143638641e-01
5.674452206278149391e-02
8.366307274133894314e-03
-3.631884556977792167e-02
-4.469948425498717071e-01
-3.730192724976877927e-01
2.705117407078247785e-03
-3.862559778733036520e-02
-2.250972029468943647e-02
-2.547924541791425634e-02
-1.219507949138093350e-02
9.350628218297359073e-02
1.387850140799899434e-01
-3.851798039665824125e-02
-1.111827860408721308e-01
-5.445701255593907164e-02
-8.242412073821139828e-02
1.855999641626200625e-02
3.624928079991791147e-02
-1.301487702243547262e-01
3.748855542187667228e-02
7.447486106750118851e-02
4.848071257974436582e-02
-8.655549317652920516e-02
4.034482420963917196e-03
8.971703540466770266e-02
3.356920706372880370e-02
-2.657664089562938869e-01
-2.779599146224581707e-02
-4.909713459734818541e-02
3.410518473958257159e-03
-1.722232548650139417e-01
-2.589005531289621798e-02
-6.547536266899335600e-02
7.347072746984219249e-02
2.232327946232801757e-02
-1.310622789166540495e-03
-6.883156296923093054e-02
-5.805190187317781775e-02
-2.180853071771825802e-01
-2.167745909145849751e-03
-4.714230632715465247e-02
5.206277939514647977e-03
-4.065930026626828064e-02
4.700327426450151905e-03
2.033752181354094371e-02
-5.092839697081309389e-03
-7.181853762927506435e-02
-7.563660228468899009e-03
9.113624280046721260e-02
3.121797527073818038e-02
-4.222573374382852058e-04
4.992707579656252559e-02
-5.217248243915775666e-04
4.312467605476818372e-03
3.262834261873835684e-02
-7.968857029987083326e-03
8.099615510560409168e-03
-8.815695890302975568e-02
3.663771527361949637e-02
-5.022845585050312450e-02
-7.615618973942359093e-02
1.809025663680622828e-02
2.651471543572179318e-02
-6.493234420679708241e-02
3.216225017747096834e-03
-2.703153676406951089e-02
-1.630428618467614776e-01
-6.426931813900094159e-02
-7.646570596623010474e-02
-1.227611350249547401e-02
-1.168186286344732455e-01
-6.761737706462556119e-02
-3.103711274876045506e-02
-9.033656686721574722e-03
4.132095467245915782e-02
-2.305040887875950406e-02
3.346659189598266693e-02
-1.770190153038159880e-02
7.900436298375557165e-02
6.956678406884862775e-02
-2.082377896399854530e-02
1.115758422655353278e-02
-4.674850169349697299e-02
7.344272244327332277e-02
-1.759780614463982151e-02
4.427768889456609042e-02
1.794396916336395836e-02
2.361945745459841442e-02
-6.267396923192614100e-02
-1.711705927496920757e-02
3.197285820358320568e-02
-2.756004827314224859e-02
-1.816185285324670856e-02
-5.565188935059100020e-03
-3.905070779176079282e-02
-2.626662939558790932e-02
-6.849036314688795868e-02
1.289520871523779366e-01
6.524146879743786265e-02
9.577837973519047476e-02
5.814618761700297844e-02
-1.324159861777933662e-02
-3.128346197982873750e-03
5.189337659009057857e-02
-7.403455031019148813e-02
2.915712191933819003e-02
-1.636701832484844729e-02
-2.620614969441848949e-02
7.317059986438995134e-02
1.797455945275808252e-03
2.750444311564869890e-02
-6.031584194365127716e-02
-4.829620331324809349e-03
3.174843358512660640e-03
-8.040303769753158469e-02
2.424965483968976321e-01
-7.319516542632334422e-02
1.234882723535397561e-02
5.775650068469837667e-02
-3.458572580533283373e-03
4.016827445219327969e-02
3.100783886734716915e-02
-3.209729622321760151e-02
-3.487564723943594163e-03
1.941811387740168329e-02
4.408987439461756197e-02
5.409812465609053350e-02
2.016052180414393269e-01
4.406045121556864674e-02
2.699604105638081161e-02
2.319566388185440291e-03
-1.902859621430915971e-01
3.411398435603742868e-02
3.044922743356794428e-02
-4.016273329201218260e-03
6.534355872123420728e-02
5.706876057760032483e-03
1.922717268130788304e-01
3.765032420455129841e-02
5.373761449175708249e-02
-2.423672254059784370e-01
1.579241746038304375e-02
-4.631057860742374827e-02
-7.395081127509397535e-03
-3.382157088934432954e-02
7.882875990642876363e-02
1.986081929060749818e-01
4.332276448301743826e-02
-6.991004886526924755e-02
2.207073022392699868e-02
2.040229716419449807e-02
-3.949719634851325128e-02
1.070027164149353095e-02
2.164772846830446615e-02
1.171314091819254111e-01
7.380038252168788504e-02
1.374649074458900166e-01
-2.381500759014527902e-02
-2.065699942965637179e-02
8.406916052423085359e-03
-3.961774657360891266e-02
-7.868716361288866090e-02
-1.430879850000679569e-03
-7.453927280821678880e-02
8.708863195180659156e-02
1.281797900801830981e-01
6.511044561777647177e-02
2.442453041306314604e-02
-1.623358157669837765e-01
-1.898534361806506615e-02
-6.800270438234034751e-03
-1.794392967163138120e-01
-2.093782519032837131e-02
-2.265230932653454141e-02
-5.392908008132438896e-02
-2.096939827493045014e-02
-2.182696837048206037e-02
1.475946770205169636e-02
-9.616419520244440591e-03
1.585650760950660029e-02
-7.404400280803731527e-02
-9.154397864477575864e-02
-6.076723417184477088e-02
8.750395599061521965e-03
-2.027762131090868683e-02
-4.186772850578644733e-02
-9.432904360168701055e-03
-2.750337698288464819e-02
-6.950354972094194284e-02
7.831882258933235696e-02
-8.447561349920802709e-02
-4.315105493303329764e-02
-1.865097822485209085e-03
6.393461304014849689e-02
7.304738293445370290e-02
8.568622069006727460e-02
2.235746637090887598e-02
-6.680042459205332017e-02
-1.952187331927072653e-02
1.614401359565473260e-02
1.293628693974622178e-02
4.526360634591986010e-02
5.629317636271088249e-02
-2.481597784795676678e-03
1.388845541985923859e-01
-3.704397093123278917e-01
1.352743534944432502e-01
3.058933994051335828e-02
-1.172699584660147065e-01
-7.485995210628726415e-02
-2.241657537569677686e-02
7.776421825486454220e-02
5.538254744294331296e-03
1.616622451735695576e-03
1.468420080606082541e-02
-3.657405918887486618e-02
-4.708256436297510172e-02
-2.053302540383324104e-02
-4.070402280118656096e-02
1.063696712815488804e-01
5.499721397762026565e-02
2.016556890623661877e-02
-6.474444878309925863e-03
2.293130136164976338e-02
-3.753062917098047568e-02
8.333536175488744091e-02
-3.761111213494384292e-02
8.735343124613286284e-03
-5.430599167639100361e-02
3.531012000610611601e-02
3.387403948734236947e-02
4.671777213111949489e-02
-2.507427553265232853e-02
-1.403334651439178682e-01
-1.131557309666635508e-01
5.976174597441192421e-02
-4.602536418324332940e-02
-2.734770047203113463e-03
5.951793542256338110e-02
-3.991156827384926414e-02
4.986278275340543659e-02
1.038298280015020197e-02
2.526561952905425224e-03
-2.033445142082221380e-01
3.412990481424746370e-02
-1.626328953055285187e-02
-1.375114282557831635e-01
-5.654793966262142840e-02
-2.058172024078342918e-02
6.246462226651734034e-02
1.615123824573878875e-02
-6.732670117319979053e-02
6.713549439482403847e-02
-8.539113643499833539e-02
-6.803599807357801899e-02
6.207631847373144135e-02
1.455067992060078697e-01
-5.222046923649485001e-02
2.945963706845226501e-02
-3.705005004258737911e-01
9.406715925645257881e-02
-4.354795894283661900e-02
9.589606964968644398e-02
-3.150673685808266788e-02
-4.644319583254180595e-02
-4.226371615142873739e-03
-4.271778194512821508e-02
3.995173179037991851e-02
1.281699684078623641e-02
1.859385705862980423e-02
-4.273867020536753492e-02
-8.648351541775842199e-02
6.047031163203867021e-02
-1.241513811297483699e-02
-8.843154421581095326e-02
5.034403673098886318e-03
-8.743846983957735686e-02
-1.096674507409154259e-01
-1.616340526776075329e-02
-2.480279945173936573e-01
-2.581988635633838958e-02
-8.506051531415689815e-02
-8.538257095508733352e-02
2.874978597968555830e-02
6.363004485860843107e-02
1.125672754097084838e-01
-8.308527688158688640e-02
2.508161065851308158e-02
8.786399490275792479e-03
-8.819927676789117432e-02
4.763454927064560140e-02
-5.006259876799909470e-02
1.259445909810389952e-01
6.861606795308032580e-02
-9.552773225654374173e-03
-1.112362975182141223e-01
2.649804463889379128e-04
-5.640291643199096816e-02
-4.533378908668309233e-03
-3.905087202832210891e-02
1.087416855052986131e-01
1.095842648603827935e-01
-1.061054300400143986e-02
1.586908208841802254e-02
3.078340989058387430e-03
-8.699086009697469535e-02
9.302661509530385509e-02
8.830217587127768553e-02
3.548760189220278444e-02
-1.312673050345632142e-01
-7.784966383259621370e-02
-4.680253766856468101e-02
-2.629416403270696048e-02
4.671990355446929699e-02
8.194091427019330187e-02
-9.375270178983512170e-02
1.732810745573712050e-02
-2.774891848349761089e-02
1.180871239314665831e-02
-1.459878878928793679e-02
2.668013888285877822e-02
-1.144584330448120274e-01
-1.432898987168092497e-01
4.130085049674445119e-02
1.470890621998105774e-01
-8.735423785909948724e-02
5.039614132140243785e-02
-2.058701095510553566e-02
6.535619756567974392e-02
1.653954740978099899e-02
1.119597579361906181e-01
-1.757590351286205527e-02
-8.517510186622570534e-03
3.196527074119007855e-02
2.142697449285637518e-02
-4.776460932064195003e-02
4.165174882707985832e-02
5.699209057108177434e-02
1.709867514681705225e-02
1.496011711152756473e-03
2.759022777170000440e-02
-6.414570871305491639e-02
2.765770238241275700e-02
-3.026478883682823598e-02
8.112359010182788877e-02
-3.072045247297512313e-02
-7.228817248902683068e-02
1.083751915771118540e-01
-1.091608123581107141e-02
-2.035769397115515938e-02
-3.250351098171094105e-02
3.019747686003866269e-02
2.322052804937842913e-02
-2.253037969329243217e-01
-7.262709584779526717e-02
7.355323334854717288e-02
7.921311904265272708e-02
2.348828112517670208e-01
-1.563737132581238254e-01
-3.770212417033166896e-02
9.005333517920151298e-02
1.810977338852642893e-02
-8.870109720708060919e-02
-3.379846684103948729e-02
1.425298639081577258e-02
-2.588649223345500586e-02
2.355614005501516922e-02
5.643023367204848956e-02
-8.456597618225125679e-02
-3.555574518112273458e-02
2.623228554163904366e-02
2.878999817385229781e-02
2.729597727653819764e-02
1.028095084109871202e-02
1.253149420677206367e-02
-1.249098773714101690e-01
4.231739842346460972e-02
-5.413283532174665430e-02
-1.563357013648435448e-02
6.363735020456097458e-02
-5.043424184238743530e-02
1.696023505831294881e-02
-9.500326433506309232e-02
4.125729984209491191e-02
-1.007857566854304526e-01
8.497790620559730890e-02
1.068131625563434883e-01
8.572088601142416331e-02
1.011043246182954936e-01
9.635103919530225991e-02
-4.996719918251112114e-02
-8.283172933680352235e-02
-8.657720112447792006e-04
-7.857445557461520402e-02
9.901851956038619507e-03
8.661123161922994196e-02
2.132488582085920355e-03
-3.412360268798734358e-02
-6.828541060023685279e-03
-6.844621067784763258e-02
2.107525675856776470e-01
-1.643974023416052907e-02
-9.426722722040341285e-02
1.233746675775295731e-01
3.881469556026984763e-02
-4.892973999113888611e-02
7.342459455389535594e-02
1.475385852259990249e-02
-2.605428341274968473e-01
-1.933427462683985631e-02
-1.408038198947889584e-02
-3.824109819619725403e-02
9.501149893965608884e-02
-6.152774950092108897e-02
6.385632578745180365e-02
3.217085087512995718e-03
-2.364069524609336767e-02
-1.871624116684664912e-02
-3.072675273968863280e-02
-9.312963641853315780e-03
-4.830179900228669110e-02
9.787568550316617932e-02
-4.247665344960510972e-03
-8.072824671811440825e-03
-3.650174044762538594e-02
-2.142947151466905176e-01
-7.840068689028996396e-02
4.850941394156218361e-02
1.766971013190588718e-02
3.281011331922877028e-02
-2.456418644307546348e-02
6.955449028618075624e-03
1.465952249531248322e-02
5.094265095957987988e-02
-3.277678906586825158e-04
4.577634997620164993e-03
-7.663713964173235937e-05
4.445273590517381801e-02
1.146526085444443677e-01
6.776042097612863802e-02
3.439849404827010487e-02
-5.065068236015818348e-02
-3.754347971659192235e-02
-5.475954882834457166e-02
-5.912586476262573359e-02
8.576595134717056312e-02
-5.330854031073965077e-02
8.986606016262708996e-02
6.357216106938305689e-02
-2.591085664856901047e-02
-8.572398446417961448e-02
-6.176558359423373057e-02
-4.505251446818371586e-02
1.319848686091513318e-02
3.345735250076659062e-02
-1.588631691364783896e-02
7.522949434001775793e-02
6.289030640207961265e-02
3.917231014164174185e-02
-1.149555680412835471e-02
-1.993836390829406835e-01
1.361764357562908305e-02
-5.963553131414103120e-02
1.480105349753536303e-01
-1.403539990907692048e-01
-1.282039062930729612e-01
-4.834214250501203680e-02
-8.657063537216323074e-03
-6.779986405716639797e-02
-1.047933109170274581e-02
-4.182814595520323135e-03
-1.768186806709765371e-02
1.181800734112097712e-02
-4.093862530645469427e-02
-1.076976227055191082e-01
3.757939127641645588e-03
-9.089993498757403811e-02
7.613143816263891195e-02
-2.336447179225058582e-02
8.999384787702312261e-02
8.449574226263646681e-02
-9.539660058870881587e-02
-3.869947087785036849e-02
-2.433857427270108217e-02
-1.312461130510905218e-02
1.871698478121014142e-01
1.071586925059490360e-02
-5.705789647823333345e-03
-1.957032135566334763e-02
-2.699897674309175571e-02
-1.229552433948148150e-02
-7.919855343592486011e-03
1.087521480716414218e-01
-2.572358669480137930e-02
-1.087086496540036994e-02
6.806023474942661522e-02
1.785339908999452121e-02
-3.303354503420348198e-01
1.337938433815135525e-02
4.504224287458982040e-02
-5.996402267428637550e-02
-1.216979137698486792e-02
-4.820869031987616744e-03
7.040939460341551215e-02
-8.420871365745440096e-02
1.222401812944676897e-01
1.670525412844227620e-01
6.803027042137604896e-02
3.490209112059998453e-02
-1.815204214185963533e-02
-2.118301217826992211e-01
3.689956363145392021e-02
-5.306448282244421305e-02
-5.410887178567178914e-03
1.241669727217360915e-02
-2.964326332154323560e-04
-2.944015820051077911e-02
3.529748419802553050e-02
2.794776216313657816e-02
-8.685618000026242014e-02
4.872607685501734523e-03
-2.494254910609008946e-02
1.721589555650237732e-02
6.869051215333393801e-02
2.753364742178775193e-02
3.095426495181457516e-01
8.673012746451039257e-02
-1.699109160190559464e-02
5.873649059083360484e-03
-1.283186299546836516e-02
-3.420218681586381648e-01
-1.212800749222242847e-01
-3.643800129671786320e-02
1.630204637583661936e-02
-1.507567702757452860e-02
2.327037656187377068e-01
1.935963744798165354e-01
5.731651095127236750e-02
-3.191630627476356452e-02
8.589720135470849116e-02
-5.680523846571746555e-02
-3.843660633837280710e-02
-4.577199548667253669e-03
7.959858454029394847e-02
2.319862068473481365e-02
-8.395140393896530218e-02
1.631630025864068967e-01
9.317631199747811177e-02
-3.509906068231941068e-02
3.637490246529228623e-03
3.093686362717635446e-02
3.528619975549358162e-02
-3.178140527778720165e-02
-1.845553171024771205e-02
1.631755584877457935e-02
1.253175643332813394e-01
-7.433453119271021814e-02
-1.089074627029695680e-01
6.065561056529334555e-02
7.323411997017796604e-02
-5.101316832080839136e-02
6.283328752017296875e-03
8.209221273149148318e-03
-3.333448111958937921e-02
2.044625553184716352e-02
-6.541316851423886747e-02
-2.429055375407815701e-02
7.520655076429733077e-02
1.428968191690400125e-01
2.880393151522555109e-03
8.234962910670055869e-02
-5.141506064559366214e-03
2.367371667961432058e-02
-1.647894066982490691e-01
-1.245737142512978388e-02
4.326801329873156826e-02
-5.438347357439191065e-02
-3.464227624761417879e-02
6.987004623771311818e-02
1.207812616146089618e-01
5.225395639189431979e-02
6.784273020633843979e-03
4.679728859392991158e-02
-3.936750936898668063e-01
2.032709581454399672e-01
5.319359589805449512e-02
1.938985419095019813e-02
-4.516441806354713762e-02
-1.948537393687777355e-02
-8.232895376479365535e-03
1.851910686655275362e-02
1.068865318859043428e-01
5.037206996668853326e-02
-6.072196106054358195e-02
-6.752581610347403729e-02
-6.341866016835681109e-03
9.142964909337092383e-02
-3.501793640382874773e-02
2.965888281267726329e-02
-3.164963281517228777e-02
8.148082648300247754e-02
-3.570722930068127854e-02
-2.572101877253245641e-02
7.657053618895086344e-02
8.552871134150845378e-02
-3.600079707182844702e-02
-9.151468145577728100e-03
7.757778133292973777e-02
1.584854520323563942e-01
-3.703554207064944925e-02
-1.556885806402039107e-01
-7.111483187312118981e-02
5.235460181026469796e-03
-2.905423012050056819e-02
1.124964666929517132e-01
-1.277936670879699366e-02
-3.064413577150163284e-02
8.316430749693563829e-02
6.479091294582405751e-04
-1.013039432366960868e-01
5.382204621724847454e-02
-9.382784567091280448e-02
2.909468718095263307e-01
-2.919808381985769183e-02
2.292457128017337531e-02
-9.455456074702918434e-02
-2.144028716496442638e-02
8.598654106054459331e-03
1.018703038693211105e-02
3.944597904828212737e-02
1.260330235223920403e-01
-3.033058113747320872e-02
-1.153138041953825042e-02
3.084062940840699013e-03
-5.897736943809168964e-02
-7.269802407903848407e-02
2.409288519063307599e-01
5.662642042978149187e-02
-4.163563521111581303e-03
3.408868339929031072e-02
-4.143283329897818473e-03
-9.106202814036857759e-03
2.518631627598799314e-02
3.699416548333196719e-02
4.177205905014919757e-02
1.171216640822947963e-01
4.809879180069231985e-02
1.332197433200435835e-02
-2.847934387932234482e-02
4.495917612138145697e-02
-2.712697590031065004e-02
-2.453676158787989128e-02
-9.962145673004038637e-02
1.067358565162801476e-01
1.375454422869027728e-02
1.006244693073443525e-01
-3.404633204432904858e-03
-1.078530348360156182e-01
4.169973677920432026e-02
8.415246912012612490e-02
-2.159726476470821555e-01
1.378583156262087883e-02
6.088925165640640333e-03
3.881613583127047767e-02
-9.366968224524893291e-03
-1.033853762995207287e-01
3.861639123788063871e-02
-2.797701099874912167e-02
1.416429701020248955e-01
6.676102181718049366e-02
5.852478503756921441e-02
-9.810108027227308625e-03
-1.386122201361862927e-01
-1.098031787171996863e-02
-1.250261729515841080e-01
-5.134667887969764088e-02
4.417632110779808052e-02
-2.918389273455342450e-02
1.546637684483453401e-01
1.144855872782161825e-02
5.194820269499330137e-03
-1.274534879725513770e-01
4.355679738335834633e-02
-8.532566792979472126e-02
-2.195812290453340865e-01
4.580406177698360948e-02
-3.759770050539707614e-02
-1.330428594346024784e-01
1.897090360696674499e-02
1.147966575108566589e-01
8.130346802356283598e-02
2.410146626598883013e-02
1.219682390621602969e-01
7.266679921630561645e-02
-3.838978880191220022e-01
-2.174530308857177963e-01
-1.071933464940559300e-01
-1.450884535822491161e-01
2.380572602215816902e-01
1.380836221721027865e-02
3.080174529909953871e-02
1.864562458570466486e-02
-2.658673436629546138e-01
8.375338695336220773e-02
-7.130534631030574499e-02
-8.537315817777473004e-02
1.400137020327391346e-01
-5.328244807213694534e-02
1.058872480643170862e-02
7.983051549615716169e-02
2.168678846208907385e-02
-2.476545274620672865e-02
1.629316465624381857e-02
-1.143934271311170259e-01
-3.286829784848804836e-02
9.720569538083050423e-03
-8.649707782421370283e-02
-1.174482797534363715e-01
-1.062231031474168558e-01
-9.693791004155394297e-02
5.391451119293420163e-02
4.409432733639255531e-02
-5.395148544494172971e-02
2.079721281600711857e-04
3.562494318898293873e-03
-9.461877780289273954e-02
-8.752363940887769589e-03
8.433117209742137244e-02
-2.467648562854722963e-02
-4.244370326650751500e-03
8.130961731351407651e-02
2.297764541195214741e-02
-7.998553615734123670e-03
-3.150644536663550765e-02
9.270767571644810551e-03
-1.294877240097093516e-03
5.157829912346603707e-02
-2.684386723935586541e-02
-7.968710673092872787e-02
4.402540645911107164e-02
7.496347168209142875e-02
8.481259729325122537e-03
2.671870987347308574e-02
3.679527750894495686e-02
9.868615258788846975e-03
3.689417337275747999e-02
-2.387469673946487903e-02
-1.515009475880216457e-02
-1.080404695458342113e-01
5.336560072748832567e-02
4.544449461368821330e-02
-1.149862257771303575e-01
-2.943656872065904262e-02
-4.226340381421969661e-02
3.391959615213593210e-02
6.135875809737892372e-02
-6.241210820703018552e-02
9.423635155174475350e-03
-6.585543386030040525e-02
1.972997248955215763e-02
2.255669991274711350e-02
-1.439108980942863936e-01
-7.284353784681232291e-01
-1.289367344387899218e-02
-7.700376428154785680e-02
6.563658163440554139e-02
6.606233953512925805e-02
-3.516663261513688910e-02
-1.778792086992757038e-01
-3.816444982198848035e-02
-1.154929397394405428e-02
-5.969290368508031047e-02
-1.534696099436327205e-02
3.093198181284345996e-02
-4.271027533298526330e-02
3.171572009735637576e-02
-4.368247965141273774e-03
-2.084426897511225743e-02
-7.384410465218238517e-02
1.998199069699683073e-03
-1.149777981278525540e-02
3.937174180266732521e-04
-1.257524296350948090e-01
2.931462854559444692e-02
1.890218925586197724e-02
3.858350121842354236e-02
5.395734569492230404e-02
9.547615934901197698e-02
9.654140771221286776e-03
-6.985875761072576386e-03
9.729175664446962357e-03
2.451550068394671433e-02
-8.973235366170402572e-03
-9.963125644497115158e-03
2.697768221133707220e-02
-6.475726859331494209e-03
2.013041954399825972e-02
-2.027154002107280691e-03
3.447682395001598621e-02
6.482790251000723758e-02
5.061761096478153976e-02
3.076704785477593629e-02
-2.551371109992815051e-02
-8.326112732596606739e-03
1.007764909128173181e-01
-7.063246441352878657e-02
-1.047337432591705503e-01
8.648576179668668318e-02
7.902667077100865300e-02
2.287951972919923249e-01
-2.093124115760437026e-02
-2.024870523026835734e-01
8.792303793493968025e-03
-7.717961978653831330e-03
5.701966599241381495e-02
3.169719184576772625e-02
1.328117731710098670e-01
3.024096934621381058e-02
-4.218295734194539293e-01
-8.094955705591881934e-01
1.571878340757539572e-01
-5.608856501455161681e-02
-2.803364820530228427e-03
-1.712816318927893322e-01
1.748776178875391038e-02
-3.480788400110836067e-02
1.478300618726235624e-02
-4.083463662324841176e-02
-1.410942334928927955e-01
-9.545423298155145120e-02
3.382932055339647054e-02
-1.396391776822623332e-01
-1.339017933927302839e-01
-5.449236098122824633e-03
-8.517636861180595542e-02
2.598959629928098564e-02
-1.531144759578823532e-02
-9.439293881832344635e-03
3.169900405290414225e-02
-3.889209852621920011e-02
-1.721999648924469467e-02
-2.625058250053895897e-02
-3.955390383534991561e-02
-2.190503968482164152e-03
