0.000000000000000000e+00 3.778409090909091361e+01 3.250000000000000000e+01
1.000000000000000000e+00 3.892045454545454675e+01 3.500000000000000000e+01
2.000000000000000000e+00 4.113636363636364024e+01 4.166666666666667140e+01
3.000000000000000000e+00 4.318181818181817988e+01 4.500000000000000000e+01
4.000000000000000000e+00 4.210227272727272663e+01 3.500000000000000000e+01
5.000000000000000000e+00 4.431818181818182012e+01 3.916666666666666430e+01
6.000000000000000000e+00 4.795454545454545325e+01 4.416666666666666430e+01
7.000000000000000000e+00 5.130681818181817988e+01 4.500000000000000000e+01
8.000000000000000000e+00 5.522727272727272663e+01 4.666666666666666430e+01
9.000000000000000000e+00 5.357954545454545325e+01 4.250000000000000000e+01
1.000000000000000000e+01 5.477272727272727337e+01 4.500000000000000000e+01
1.100000000000000000e+01 6.039772727272727337e+01 5.250000000000000000e+01
1.200000000000000000e+01 6.005681818181818699e+01 4.750000000000000000e+01
1.300000000000000000e+01 5.693181818181818699e+01 4.833333333333333570e+01
1.400000000000000000e+01 6.107954545454546036e+01 4.916666666666666430e+01
1.500000000000000000e+01 6.147727272727272663e+01 4.833333333333333570e+01
1.600000000000000000e+01 5.960227272727273373e+01 5.083333333333332860e+01
1.700000000000000000e+01 5.772727272727272663e+01 4.916666666666666430e+01
1.800000000000000000e+01 6.159090909090909349e+01 5.083333333333332860e+01
1.900000000000000000e+01 5.982954545454545325e+01 5.166666666666667140e+01
2.000000000000000000e+01 6.477272727272726627e+01 5.333333333333333570e+01
2.100000000000000000e+01 6.477272727272726627e+01 5.749999999999999289e+01
2.200000000000000000e+01 6.403409090909090651e+01 5.916666666666666430e+01
2.300000000000000000e+01 6.693181818181818699e+01 5.916666666666666430e+01
2.400000000000000000e+01 6.448863636363635976e+01 5.833333333333333570e+01
2.500000000000000000e+01 6.153409090909091361e+01 5.416666666666666430e+01
2.600000000000000000e+01 5.926136363636364024e+01 5.500000000000000711e+01
2.700000000000000000e+01 5.619318181818181301e+01 4.916666666666666430e+01
2.800000000000000000e+01 6.386363636363636687e+01 5.333333333333333570e+01
2.900000000000000000e+01 6.835227272727271952e+01 6.166666666666667140e+01
3.000000000000000000e+01 6.551136363636364024e+01 5.749999999999999289e+01
3.100000000000000000e+01 7.227272727272728048e+01 6.250000000000000000e+01
3.200000000000000000e+01 6.636363636363637397e+01 6.166666666666667140e+01
3.300000000000000000e+01 6.153409090909091361e+01 5.333333333333333570e+01
3.400000000000000000e+01 7.028409090909090651e+01 6.000000000000000000e+01
3.500000000000000000e+01 7.193181818181818699e+01 6.333333333333332860e+01
3.600000000000000000e+01 6.795454545454545325e+01 5.416666666666666430e+01
3.700000000000000000e+01 7.107954545454545325e+01 6.250000000000000000e+01
3.800000000000000000e+01 7.000000000000000000e+01 6.333333333333332860e+01
3.900000000000000000e+01 7.375000000000000000e+01 6.416666666666667140e+01
4.000000000000000000e+01 7.465909090909090651e+01 6.833333333333332860e+01
4.100000000000000000e+01 6.721590909090909349e+01 6.000000000000000000e+01
4.200000000000000000e+01 6.477272727272726627e+01 5.749999999999999289e+01
4.300000000000000000e+01 6.914772727272728048e+01 6.000000000000000000e+01
4.400000000000000000e+01 7.159090909090909349e+01 6.166666666666667140e+01
4.500000000000000000e+01 7.085227272727271952e+01 6.583333333333332860e+01
4.600000000000000000e+01 7.090909090909090651e+01 6.333333333333332860e+01
4.700000000000000000e+01 6.750000000000000000e+01 5.749999999999999289e+01
4.800000000000000000e+01 7.335227272727273373e+01 6.333333333333332860e+01
4.900000000000000000e+01 7.494318181818181301e+01 6.666666666666665719e+01
5.000000000000000000e+01 7.062500000000000000e+01 6.250000000000000000e+01
5.100000000000000000e+01 7.068181818181817277e+01 6.083333333333332860e+01
5.200000000000000000e+01 7.369318181818181301e+01 6.083333333333332860e+01
5.300000000000000000e+01 7.710227272727271952e+01 6.916666666666667140e+01
5.400000000000000000e+01 7.897727272727273373e+01 7.000000000000000000e+01
5.500000000000000000e+01 7.244318181818182723e+01 6.500000000000000000e+01
5.600000000000000000e+01 7.198863636363635976e+01 6.333333333333332860e+01
5.700000000000000000e+01 7.488636363636364024e+01 6.250000000000000000e+01
5.800000000000000000e+01 7.397727272727271952e+01 6.750000000000000000e+01
5.900000000000000000e+01 7.454545454545454675e+01 6.500000000000000000e+01
6.000000000000000000e+01 7.051136363636362603e+01 6.083333333333332860e+01
6.100000000000000000e+01 7.937500000000000000e+01 7.000000000000000000e+01
6.200000000000000000e+01 7.642045454545454675e+01 6.583333333333332860e+01
6.300000000000000000e+01 7.960227272727273373e+01 6.833333333333332860e+01
6.400000000000000000e+01 6.863636363636364024e+01 5.916666666666666430e+01
6.500000000000000000e+01 7.539772727272728048e+01 7.000000000000000000e+01
6.600000000000000000e+01 7.164772727272726627e+01 6.416666666666667140e+01
6.700000000000000000e+01 7.528409090909090651e+01 6.250000000000000000e+01
6.800000000000000000e+01 7.403409090909090651e+01 6.500000000000000000e+01
6.900000000000000000e+01 7.761363636363635976e+01 7.083333333333334281e+01
7.000000000000000000e+01 7.210227272727273373e+01 6.333333333333332860e+01
7.100000000000000000e+01 8.039772727272726627e+01 7.166666666666667140e+01
7.200000000000000000e+01 7.886363636363637397e+01 6.666666666666665719e+01
7.300000000000000000e+01 8.096590909090909349e+01 7.250000000000000000e+01
7.400000000000000000e+01 7.340909090909090651e+01 6.000000000000000000e+01
7.500000000000000000e+01 7.607954545454545325e+01 6.250000000000000000e+01
7.600000000000000000e+01 7.659090909090909349e+01 6.916666666666667140e+01
7.700000000000000000e+01 8.198863636363637397e+01 7.333333333333332860e+01
7.800000000000000000e+01 8.028409090909090651e+01 7.250000000000000000e+01
7.900000000000000000e+01 8.090909090909090651e+01 6.916666666666667140e+01
8.000000000000000000e+01 8.079545454545454675e+01 7.166666666666667140e+01
8.100000000000000000e+01 8.022727272727271952e+01 6.916666666666667140e+01
8.200000000000000000e+01 8.312500000000000000e+01 7.416666666666667140e+01
8.300000000000000000e+01 7.852272727272728048e+01 7.000000000000000000e+01
8.400000000000000000e+01 7.857954545454545325e+01 6.750000000000000000e+01
8.500000000000000000e+01 8.255681818181818699e+01 7.416666666666667140e+01
8.600000000000000000e+01 8.363636363636362603e+01 7.416666666666667140e+01
8.700000000000000000e+01 7.414772727272726627e+01 6.666666666666665719e+01
8.800000000000000000e+01 8.414772727272726627e+01 7.583333333333332860e+01
8.900000000000000000e+01 7.369318181818181301e+01 6.333333333333332860e+01
9.000000000000000000e+01 8.096590909090909349e+01 7.416666666666667140e+01
9.100000000000000000e+01 7.903409090909090651e+01 6.500000000000000000e+01
9.200000000000000000e+01 8.011363636363635976e+01 7.166666666666667140e+01
9.300000000000000000e+01 7.880681818181818699e+01 7.333333333333332860e+01
9.400000000000000000e+01 8.471590909090909349e+01 7.500000000000000000e+01
9.500000000000000000e+01 7.750000000000000000e+01 6.916666666666667140e+01
9.600000000000000000e+01 8.198863636363637397e+01 7.166666666666667140e+01
9.700000000000000000e+01 8.477272727272728048e+01 7.833333333333332860e+01
9.800000000000000000e+01 8.170454545454545325e+01 7.166666666666667140e+01
9.900000000000000000e+01 8.335227272727271952e+01 7.000000000000000000e+01
1.000000000000000000e+02 8.573863636363637397e+01 8.083333333333332860e+01
1.010000000000000000e+02 8.318181818181817277e+01 7.500000000000000000e+01
1.020000000000000000e+02 8.005681818181817277e+01 7.166666666666667140e+01
1.030000000000000000e+02 8.113636363636364024e+01 6.833333333333332860e+01
1.040000000000000000e+02 7.926136363636364024e+01 7.250000000000000000e+01
1.050000000000000000e+02 7.636363636363637397e+01 6.750000000000000000e+01
1.060000000000000000e+02 8.414772727272726627e+01 7.666666666666667140e+01
1.070000000000000000e+02 8.278409090909090651e+01 7.500000000000000000e+01
1.080000000000000000e+02 8.647727272727271952e+01 8.000000000000000000e+01
1.090000000000000000e+02 8.301136363636362603e+01 7.416666666666667140e+01
1.100000000000000000e+02 7.892045454545454675e+01 6.916666666666667140e+01
1.110000000000000000e+02 8.119318181818181301e+01 7.500000000000000000e+01
1.120000000000000000e+02 8.414772727272726627e+01 7.583333333333332860e+01
1.130000000000000000e+02 8.704545454545454675e+01 8.000000000000000000e+01
1.140000000000000000e+02 8.380681818181817277e+01 7.333333333333332860e+01
1.150000000000000000e+02 7.943181818181818699e+01 6.750000000000000000e+01
1.160000000000000000e+02 8.420454545454545325e+01 7.750000000000000000e+01
1.170000000000000000e+02 8.284090909090909349e+01 7.416666666666667140e+01
1.180000000000000000e+02 8.295454545454545325e+01 7.500000000000000000e+01
1.190000000000000000e+02 8.289772727272726627e+01 6.916666666666667140e+01
1.200000000000000000e+02 8.778409090909090651e+01 8.250000000000000000e+01
1.210000000000000000e+02 7.846590909090909349e+01 7.000000000000000000e+01
1.220000000000000000e+02 8.346590909090909349e+01 7.583333333333332860e+01
1.230000000000000000e+02 8.732954545454545325e+01 8.250000000000000000e+01
1.240000000000000000e+02 8.204545454545454675e+01 7.083333333333334281e+01
1.250000000000000000e+02 8.142045454545454675e+01 7.333333333333332860e+01
1.260000000000000000e+02 8.062500000000000000e+01 7.416666666666667140e+01
1.270000000000000000e+02 8.187500000000000000e+01 7.333333333333332860e+01
1.280000000000000000e+02 8.494318181818182723e+01 7.583333333333332860e+01
1.290000000000000000e+02 8.625000000000000000e+01 7.750000000000000000e+01
1.300000000000000000e+02 8.085227272727271952e+01 6.833333333333332860e+01
1.310000000000000000e+02 8.534090909090909349e+01 7.666666666666667140e+01
1.320000000000000000e+02 7.971590909090909349e+01 6.916666666666667140e+01
1.330000000000000000e+02 8.318181818181817277e+01 7.750000000000000000e+01
1.340000000000000000e+02 8.187500000000000000e+01 7.333333333333332860e+01
1.350000000000000000e+02 8.579545454545454675e+01 7.916666666666665719e+01
1.360000000000000000e+02 8.937500000000000000e+01 8.250000000000000000e+01
1.370000000000000000e+02 8.431818181818181301e+01 7.500000000000000000e+01
1.380000000000000000e+02 7.818181818181818699e+01 6.833333333333332860e+01
1.390000000000000000e+02 7.664772727272726627e+01 6.833333333333332860e+01
1.400000000000000000e+02 8.056818181818181301e+01 7.333333333333332860e+01
1.410000000000000000e+02 8.869318181818182723e+01 8.083333333333332860e+01
1.420000000000000000e+02 8.954545454545454675e+01 8.333333333333334281e+01
1.430000000000000000e+02 8.494318181818182723e+01 7.583333333333332860e+01
1.440000000000000000e+02 8.477272727272728048e+01 7.583333333333332860e+01
1.450000000000000000e+02 8.715909090909090651e+01 7.583333333333332860e+01
1.460000000000000000e+02 8.357954545454545325e+01 7.583333333333332860e+01
1.470000000000000000e+02 8.477272727272728048e+01 7.583333333333332860e+01
1.480000000000000000e+02 8.159090909090909349e+01 7.333333333333332860e+01
1.490000000000000000e+02 8.505681818181818699e+01 7.583333333333332860e+01
1.500000000000000000e+02 8.142045454545454675e+01 7.083333333333334281e+01
1.510000000000000000e+02 8.465909090909090651e+01 7.750000000000000000e+01
1.520000000000000000e+02 8.255681818181818699e+01 7.000000000000000000e+01
1.530000000000000000e+02 8.545454545454545325e+01 7.666666666666667140e+01
1.540000000000000000e+02 8.869318181818182723e+01 8.333333333333334281e+01
1.550000000000000000e+02 8.772727272727273373e+01 7.833333333333332860e+01
1.560000000000000000e+02 8.880681818181818699e+01 8.250000000000000000e+01
1.570000000000000000e+02 8.289772727272726627e+01 7.666666666666667140e+01
1.580000000000000000e+02 8.477272727272728048e+01 7.666666666666667140e+01
1.590000000000000000e+02 8.318181818181817277e+01 6.916666666666667140e+01
1.600000000000000000e+02 8.659090909090909349e+01 7.916666666666665719e+01
1.610000000000000000e+02 8.340909090909090651e+01 7.083333333333334281e+01
1.620000000000000000e+02 7.960227272727273373e+01 7.083333333333334281e+01
1.630000000000000000e+02 8.778409090909090651e+01 8.166666666666667140e+01
1.640000000000000000e+02 7.880681818181818699e+01 6.666666666666665719e+01
1.650000000000000000e+02 8.795454545454545325e+01 7.916666666666665719e+01
1.660000000000000000e+02 8.625000000000000000e+01 7.500000000000000000e+01
1.670000000000000000e+02 8.732954545454545325e+01 7.750000000000000000e+01
1.680000000000000000e+02 8.528409090909090651e+01 7.833333333333332860e+01
1.690000000000000000e+02 8.267045454545454675e+01 7.083333333333334281e+01
1.700000000000000000e+02 9.085227272727273373e+01 8.416666666666667140e+01
1.710000000000000000e+02 8.284090909090909349e+01 7.333333333333332860e+01
1.720000000000000000e+02 8.960227272727271952e+01 8.500000000000000000e+01
1.730000000000000000e+02 8.761363636363635976e+01 8.083333333333332860e+01
1.740000000000000000e+02 8.846590909090909349e+01 8.166666666666667140e+01
1.750000000000000000e+02 8.676136363636362603e+01 8.250000000000000000e+01
1.760000000000000000e+02 8.698863636363635976e+01 7.750000000000000000e+01
1.770000000000000000e+02 7.965909090909090651e+01 7.333333333333332860e+01
1.780000000000000000e+02 8.568181818181818699e+01 7.750000000000000000e+01
1.790000000000000000e+02 8.789772727272728048e+01 8.250000000000000000e+01
1.800000000000000000e+02 9.022727272727271952e+01 8.166666666666667140e+01
1.810000000000000000e+02 8.488636363636364024e+01 7.583333333333332860e+01
1.820000000000000000e+02 9.107954545454545325e+01 8.500000000000000000e+01
1.830000000000000000e+02 8.755681818181818699e+01 7.833333333333332860e+01
1.840000000000000000e+02 8.272727272727273373e+01 7.250000000000000000e+01
1.850000000000000000e+02 8.471590909090909349e+01 7.666666666666667140e+01
1.860000000000000000e+02 8.727272727272726627e+01 8.166666666666667140e+01
1.870000000000000000e+02 8.710227272727271952e+01 8.500000000000000000e+01
1.880000000000000000e+02 8.596590909090909349e+01 8.000000000000000000e+01
1.890000000000000000e+02 8.755681818181818699e+01 7.750000000000000000e+01
1.900000000000000000e+02 8.494318181818182723e+01 7.666666666666667140e+01
1.910000000000000000e+02 8.607954545454545325e+01 7.666666666666667140e+01
1.920000000000000000e+02 8.482954545454545325e+01 7.500000000000000000e+01
1.930000000000000000e+02 8.926136363636362603e+01 7.916666666666665719e+01
1.940000000000000000e+02 8.755681818181818699e+01 7.666666666666667140e+01
1.950000000000000000e+02 8.886363636363637397e+01 8.083333333333332860e+01
1.960000000000000000e+02 9.068181818181818699e+01 8.500000000000000000e+01
1.970000000000000000e+02 9.096590909090909349e+01 8.416666666666667140e+01
1.980000000000000000e+02 8.801136363636364024e+01 8.083333333333332860e+01
1.990000000000000000e+02 8.602272727272726627e+01 7.083333333333334281e+01
2.000000000000000000e+02 9.005681818181817277e+01 8.083333333333332860e+01
2.010000000000000000e+02 8.750000000000000000e+01 8.000000000000000000e+01
2.020000000000000000e+02 7.971590909090909349e+01 7.083333333333334281e+01
2.030000000000000000e+02 8.539772727272728048e+01 7.416666666666667140e+01
2.040000000000000000e+02 8.687500000000000000e+01 7.750000000000000000e+01
2.050000000000000000e+02 8.886363636363637397e+01 8.166666666666667140e+01
2.060000000000000000e+02 9.215909090909090651e+01 8.416666666666667140e+01
2.070000000000000000e+02 9.028409090909090651e+01 8.250000000000000000e+01
2.080000000000000000e+02 7.278409090909090651e+01 6.083333333333332860e+01
2.090000000000000000e+02 5.556818181818181301e+01 5.333333333333333570e+01
2.100000000000000000e+02 5.721590909090908639e+01 5.000000000000000000e+01
2.110000000000000000e+02 6.948863636363637397e+01 5.500000000000000711e+01
2.120000000000000000e+02 6.511363636363635976e+01 5.083333333333332860e+01
2.130000000000000000e+02 6.488636363636362603e+01 5.333333333333333570e+01
2.140000000000000000e+02 7.397727272727271952e+01 6.333333333333332860e+01
2.150000000000000000e+02 7.823863636363635976e+01 6.750000000000000000e+01
2.160000000000000000e+02 8.170454545454545325e+01 6.833333333333332860e+01
2.170000000000000000e+02 7.142045454545454675e+01 5.833333333333333570e+01
2.180000000000000000e+02 7.721590909090909349e+01 6.750000000000000000e+01
2.190000000000000000e+02 8.500000000000000000e+01 7.500000000000000000e+01
2.200000000000000000e+02 8.079545454545454675e+01 7.000000000000000000e+01
2.210000000000000000e+02 7.522727272727273373e+01 6.333333333333332860e+01
2.220000000000000000e+02 7.937500000000000000e+01 7.250000000000000000e+01
2.230000000000000000e+02 7.426136363636362603e+01 6.250000000000000000e+01
2.240000000000000000e+02 8.278409090909090651e+01 7.250000000000000000e+01
2.250000000000000000e+02 7.698863636363635976e+01 6.333333333333332860e+01
2.260000000000000000e+02 7.693181818181817277e+01 6.333333333333332860e+01
2.270000000000000000e+02 8.005681818181817277e+01 6.916666666666667140e+01
2.280000000000000000e+02 7.278409090909090651e+01 6.083333333333332860e+01
2.290000000000000000e+02 7.784090909090909349e+01 6.416666666666667140e+01
2.300000000000000000e+02 8.028409090909090651e+01 7.250000000000000000e+01
2.310000000000000000e+02 8.232954545454545325e+01 7.333333333333332860e+01
2.320000000000000000e+02 7.835227272727273373e+01 6.583333333333332860e+01
2.330000000000000000e+02 7.721590909090909349e+01 6.583333333333332860e+01
2.340000000000000000e+02 8.238636363636364024e+01 7.583333333333332860e+01
2.350000000000000000e+02 7.982954545454545325e+01 6.583333333333332860e+01
2.360000000000000000e+02 8.443181818181818699e+01 7.583333333333332860e+01
2.370000000000000000e+02 8.164772727272728048e+01 7.083333333333334281e+01
2.380000000000000000e+02 8.397727272727271952e+01 7.583333333333332860e+01
2.390000000000000000e+02 8.403409090909090651e+01 7.250000000000000000e+01
2.400000000000000000e+02 8.477272727272728048e+01 7.500000000000000000e+01
2.410000000000000000e+02 7.647727272727273373e+01 6.416666666666667140e+01
2.420000000000000000e+02 8.034090909090909349e+01 7.333333333333332860e+01
2.430000000000000000e+02 8.505681818181818699e+01 7.666666666666667140e+01
2.440000000000000000e+02 8.198863636363637397e+01 7.083333333333334281e+01
2.450000000000000000e+02 8.352272727272726627e+01 7.666666666666667140e+01
2.460000000000000000e+02 8.375000000000000000e+01 7.333333333333332860e+01
2.470000000000000000e+02 8.539772727272728048e+01 7.416666666666667140e+01
2.480000000000000000e+02 8.539772727272728048e+01 7.583333333333332860e+01
2.490000000000000000e+02 8.482954545454545325e+01 7.583333333333332860e+01
2.500000000000000000e+02 8.011363636363635976e+01 7.083333333333334281e+01
2.510000000000000000e+02 8.181818181818182723e+01 6.916666666666667140e+01
2.520000000000000000e+02 8.272727272727273373e+01 7.250000000000000000e+01
2.530000000000000000e+02 8.704545454545454675e+01 7.916666666666665719e+01
2.540000000000000000e+02 8.556818181818182723e+01 7.833333333333332860e+01
2.550000000000000000e+02 7.750000000000000000e+01 6.750000000000000000e+01
2.560000000000000000e+02 8.448863636363635976e+01 7.833333333333332860e+01
2.570000000000000000e+02 8.528409090909090651e+01 7.916666666666665719e+01
2.580000000000000000e+02 8.261363636363637397e+01 7.000000000000000000e+01
2.590000000000000000e+02 8.392045454545454675e+01 7.500000000000000000e+01
2.600000000000000000e+02 8.528409090909090651e+01 7.666666666666667140e+01
2.610000000000000000e+02 8.607954545454545325e+01 7.833333333333332860e+01
2.620000000000000000e+02 8.210227272727273373e+01 7.166666666666667140e+01
2.630000000000000000e+02 8.409090909090909349e+01 7.500000000000000000e+01
2.640000000000000000e+02 8.215909090909090651e+01 7.083333333333334281e+01
2.650000000000000000e+02 8.676136363636362603e+01 7.500000000000000000e+01
2.660000000000000000e+02 8.647727272727271952e+01 7.750000000000000000e+01
2.670000000000000000e+02 8.625000000000000000e+01 7.583333333333332860e+01
2.680000000000000000e+02 7.823863636363635976e+01 6.500000000000000000e+01
2.690000000000000000e+02 8.528409090909090651e+01 7.500000000000000000e+01
2.700000000000000000e+02 8.045454545454545325e+01 6.750000000000000000e+01
2.710000000000000000e+02 8.147727272727273373e+01 7.083333333333334281e+01
2.720000000000000000e+02 8.386363636363635976e+01 7.833333333333332860e+01
2.730000000000000000e+02 8.698863636363635976e+01 7.916666666666665719e+01
2.740000000000000000e+02 8.505681818181818699e+01 7.583333333333332860e+01
2.750000000000000000e+02 8.272727272727273373e+01 7.250000000000000000e+01
2.760000000000000000e+02 8.375000000000000000e+01 7.166666666666667140e+01
2.770000000000000000e+02 8.573863636363637397e+01 7.666666666666667140e+01
2.780000000000000000e+02 8.647727272727271952e+01 7.666666666666667140e+01
2.790000000000000000e+02 8.528409090909090651e+01 8.000000000000000000e+01
2.800000000000000000e+02 8.750000000000000000e+01 7.833333333333332860e+01
2.810000000000000000e+02 8.857954545454545325e+01 7.750000000000000000e+01
2.820000000000000000e+02 8.744318181818181301e+01 7.916666666666665719e+01
2.830000000000000000e+02 8.562500000000000000e+01 7.500000000000000000e+01
2.840000000000000000e+02 8.818181818181818699e+01 7.916666666666665719e+01
2.850000000000000000e+02 8.721590909090909349e+01 7.583333333333332860e+01
2.860000000000000000e+02 8.659090909090909349e+01 7.500000000000000000e+01
2.870000000000000000e+02 8.551136363636364024e+01 7.500000000000000000e+01
2.880000000000000000e+02 8.840909090909090651e+01 7.833333333333332860e+01
2.890000000000000000e+02 8.801136363636364024e+01 8.000000000000000000e+01
2.900000000000000000e+02 8.676136363636362603e+01 8.083333333333332860e+01
2.910000000000000000e+02 8.738636363636364024e+01 7.916666666666665719e+01
2.920000000000000000e+02 8.562500000000000000e+01 7.666666666666667140e+01
2.930000000000000000e+02 8.664772727272726627e+01 7.583333333333332860e+01
2.940000000000000000e+02 8.852272727272728048e+01 7.583333333333332860e+01
2.950000000000000000e+02 8.352272727272726627e+01 7.166666666666667140e+01
2.960000000000000000e+02 8.500000000000000000e+01 7.583333333333332860e+01
2.970000000000000000e+02 8.232954545454545325e+01 7.166666666666667140e+01
2.980000000000000000e+02 8.210227272727273373e+01 7.250000000000000000e+01
2.990000000000000000e+02 8.607954545454545325e+01 7.583333333333332860e+01
3.000000000000000000e+02 8.397727272727271952e+01 7.166666666666667140e+01
3.010000000000000000e+02 8.772727272727273373e+01 7.583333333333332860e+01
3.020000000000000000e+02 8.721590909090909349e+01 7.666666666666667140e+01
3.030000000000000000e+02 8.886363636363637397e+01 8.083333333333332860e+01
3.040000000000000000e+02 8.681818181818181301e+01 7.666666666666667140e+01
3.050000000000000000e+02 8.465909090909090651e+01 7.500000000000000000e+01
3.060000000000000000e+02 8.494318181818182723e+01 7.750000000000000000e+01
3.070000000000000000e+02 8.829545454545454675e+01 7.833333333333332860e+01
3.080000000000000000e+02 8.090909090909090651e+01 6.750000000000000000e+01
3.090000000000000000e+02 8.568181818181818699e+01 7.083333333333334281e+01
3.100000000000000000e+02 8.568181818181818699e+01 7.166666666666667140e+01
3.110000000000000000e+02 8.829545454545454675e+01 7.333333333333332860e+01
3.120000000000000000e+02 8.892045454545454675e+01 7.500000000000000000e+01
3.130000000000000000e+02 8.761363636363635976e+01 7.583333333333332860e+01
3.140000000000000000e+02 8.522727272727273373e+01 7.500000000000000000e+01
3.150000000000000000e+02 8.619318181818181301e+01 7.083333333333334281e+01
3.160000000000000000e+02 8.943181818181817277e+01 7.583333333333332860e+01
3.170000000000000000e+02 8.914772727272726627e+01 7.500000000000000000e+01
3.180000000000000000e+02 8.823863636363637397e+01 7.500000000000000000e+01
3.190000000000000000e+02 8.801136363636364024e+01 7.750000000000000000e+01
3.200000000000000000e+02 9.011363636363635976e+01 7.833333333333332860e+01
3.210000000000000000e+02 8.926136363636362603e+01 7.833333333333332860e+01
3.220000000000000000e+02 8.806818181818182723e+01 7.583333333333332860e+01
3.230000000000000000e+02 8.812500000000000000e+01 7.333333333333332860e+01
3.240000000000000000e+02 8.948863636363635976e+01 7.916666666666665719e+01
3.250000000000000000e+02 8.727272727272726627e+01 7.416666666666667140e+01
3.260000000000000000e+02 8.738636363636364024e+01 7.750000000000000000e+01
3.270000000000000000e+02 8.761363636363635976e+01 7.416666666666667140e+01
3.280000000000000000e+02 8.585227272727273373e+01 7.166666666666667140e+01
3.290000000000000000e+02 8.840909090909090651e+01 7.333333333333332860e+01
3.300000000000000000e+02 8.522727272727273373e+01 7.166666666666667140e+01
3.310000000000000000e+02 8.431818181818181301e+01 6.833333333333332860e+01
3.320000000000000000e+02 8.795454545454545325e+01 7.583333333333332860e+01
3.330000000000000000e+02 8.420454545454545325e+01 6.666666666666665719e+01
3.340000000000000000e+02 8.835227272727273373e+01 7.666666666666667140e+01
3.350000000000000000e+02 8.784090909090909349e+01 7.583333333333332860e+01
3.360000000000000000e+02 8.909090909090909349e+01 7.833333333333332860e+01
3.370000000000000000e+02 8.528409090909090651e+01 7.166666666666667140e+01
3.380000000000000000e+02 8.602272727272726627e+01 6.916666666666667140e+01
3.390000000000000000e+02 8.625000000000000000e+01 7.833333333333332860e+01
3.400000000000000000e+02 9.119318181818182723e+01 8.166666666666667140e+01
3.410000000000000000e+02 9.017045454545454675e+01 7.750000000000000000e+01
3.420000000000000000e+02 8.136363636363635976e+01 6.750000000000000000e+01
3.430000000000000000e+02 8.295454545454545325e+01 6.750000000000000000e+01
3.440000000000000000e+02 9.039772727272726627e+01 7.833333333333332860e+01
3.450000000000000000e+02 9.005681818181817277e+01 7.583333333333332860e+01
3.460000000000000000e+02 8.318181818181817277e+01 7.333333333333332860e+01
3.470000000000000000e+02 8.607954545454545325e+01 7.250000000000000000e+01
3.480000000000000000e+02 8.926136363636362603e+01 7.833333333333332860e+01
3.490000000000000000e+02 8.573863636363637397e+01 7.333333333333332860e+01
3.500000000000000000e+02 8.613636363636362603e+01 7.583333333333332860e+01
3.510000000000000000e+02 8.676136363636362603e+01 7.500000000000000000e+01
3.520000000000000000e+02 9.073863636363635976e+01 7.916666666666665719e+01
3.530000000000000000e+02 8.875000000000000000e+01 7.833333333333332860e+01
3.540000000000000000e+02 8.795454545454545325e+01 7.750000000000000000e+01
3.550000000000000000e+02 8.579545454545454675e+01 7.416666666666667140e+01
3.560000000000000000e+02 8.471590909090909349e+01 6.916666666666667140e+01
3.570000000000000000e+02 8.937500000000000000e+01 7.500000000000000000e+01
3.580000000000000000e+02 8.835227272727273373e+01 7.500000000000000000e+01
3.590000000000000000e+02 8.545454545454545325e+01 6.916666666666667140e+01
3.600000000000000000e+02 8.607954545454545325e+01 7.583333333333332860e+01
3.610000000000000000e+02 8.357954545454545325e+01 7.000000000000000000e+01
3.620000000000000000e+02 8.363636363636362603e+01 7.083333333333334281e+01
3.630000000000000000e+02 8.551136363636364024e+01 7.583333333333332860e+01
3.640000000000000000e+02 8.630681818181817277e+01 7.250000000000000000e+01
3.650000000000000000e+02 8.789772727272728048e+01 7.916666666666665719e+01
3.660000000000000000e+02 8.573863636363637397e+01 7.583333333333332860e+01
3.670000000000000000e+02 9.107954545454545325e+01 8.000000000000000000e+01
3.680000000000000000e+02 8.585227272727273373e+01 7.250000000000000000e+01
3.690000000000000000e+02 8.676136363636362603e+01 7.500000000000000000e+01
3.700000000000000000e+02 8.823863636363637397e+01 7.583333333333332860e+01
3.710000000000000000e+02 9.096590909090909349e+01 7.833333333333332860e+01
3.720000000000000000e+02 8.835227272727273373e+01 7.833333333333332860e+01
3.730000000000000000e+02 8.335227272727271952e+01 7.083333333333334281e+01
3.740000000000000000e+02 8.721590909090909349e+01 7.333333333333332860e+01
3.750000000000000000e+02 8.857954545454545325e+01 7.750000000000000000e+01
3.760000000000000000e+02 8.840909090909090651e+01 7.666666666666667140e+01
3.770000000000000000e+02 8.875000000000000000e+01 7.583333333333332860e+01
3.780000000000000000e+02 8.755681818181818699e+01 7.583333333333332860e+01
3.790000000000000000e+02 9.028409090909090651e+01 7.750000000000000000e+01
3.800000000000000000e+02 9.159090909090909349e+01 7.666666666666667140e+01
3.810000000000000000e+02 8.840909090909090651e+01 7.416666666666667140e+01
3.820000000000000000e+02 9.051136363636364024e+01 7.666666666666667140e+01
3.830000000000000000e+02 9.068181818181818699e+01 7.750000000000000000e+01
3.840000000000000000e+02 7.971590909090909349e+01 6.583333333333332860e+01
3.850000000000000000e+02 8.380681818181817277e+01 7.000000000000000000e+01
3.860000000000000000e+02 8.426136363636364024e+01 6.916666666666667140e+01
3.870000000000000000e+02 8.960227272727271952e+01 7.666666666666667140e+01
3.880000000000000000e+02 9.096590909090909349e+01 7.666666666666667140e+01
3.890000000000000000e+02 9.011363636363635976e+01 7.833333333333332860e+01
3.900000000000000000e+02 9.107954545454545325e+01 7.666666666666667140e+01
3.910000000000000000e+02 9.187500000000000000e+01 7.833333333333332860e+01
3.920000000000000000e+02 9.090909090909090651e+01 7.666666666666667140e+01
3.930000000000000000e+02 8.602272727272726627e+01 7.333333333333332860e+01
3.940000000000000000e+02 8.875000000000000000e+01 7.583333333333332860e+01
3.950000000000000000e+02 9.068181818181818699e+01 7.750000000000000000e+01
3.960000000000000000e+02 9.102272727272728048e+01 7.583333333333332860e+01
3.970000000000000000e+02 8.886363636363637397e+01 7.833333333333332860e+01
3.980000000000000000e+02 8.795454545454545325e+01 7.333333333333332860e+01
3.990000000000000000e+02 8.909090909090909349e+01 7.666666666666667140e+01
4.000000000000000000e+02 8.767045454545454675e+01 7.166666666666667140e+01
4.010000000000000000e+02 9.022727272727271952e+01 7.833333333333332860e+01
4.020000000000000000e+02 9.204545454545454675e+01 7.750000000000000000e+01
4.030000000000000000e+02 8.789772727272728048e+01 7.166666666666667140e+01
4.040000000000000000e+02 8.920454545454545325e+01 7.750000000000000000e+01
4.050000000000000000e+02 9.073863636363635976e+01 7.916666666666665719e+01
4.060000000000000000e+02 9.000000000000000000e+01 7.916666666666665719e+01
4.070000000000000000e+02 9.221590909090909349e+01 8.083333333333332860e+01
4.080000000000000000e+02 9.159090909090909349e+01 7.750000000000000000e+01
4.090000000000000000e+02 8.738636363636364024e+01 7.083333333333334281e+01
4.100000000000000000e+02 9.181818181818182723e+01 7.750000000000000000e+01
4.110000000000000000e+02 8.750000000000000000e+01 7.083333333333334281e+01
4.120000000000000000e+02 8.250000000000000000e+01 6.583333333333332860e+01
4.130000000000000000e+02 8.676136363636362603e+01 7.333333333333332860e+01
4.140000000000000000e+02 9.085227272727273373e+01 7.916666666666665719e+01
4.150000000000000000e+02 8.335227272727271952e+01 6.833333333333332860e+01
4.160000000000000000e+02 9.034090909090909349e+01 7.416666666666667140e+01
4.170000000000000000e+02 8.789772727272728048e+01 7.250000000000000000e+01
4.180000000000000000e+02 8.840909090909090651e+01 7.500000000000000000e+01
4.190000000000000000e+02 9.028409090909090651e+01 7.750000000000000000e+01
4.200000000000000000e+02 8.988636363636362603e+01 7.583333333333332860e+01
4.210000000000000000e+02 9.034090909090909349e+01 7.833333333333332860e+01
4.220000000000000000e+02 8.755681818181818699e+01 7.250000000000000000e+01
4.230000000000000000e+02 8.982954545454545325e+01 7.416666666666667140e+01
4.240000000000000000e+02 8.477272727272728048e+01 6.833333333333332860e+01
4.250000000000000000e+02 8.977272727272726627e+01 7.750000000000000000e+01
4.260000000000000000e+02 9.090909090909090651e+01 7.500000000000000000e+01
4.270000000000000000e+02 8.789772727272728048e+01 7.250000000000000000e+01
4.280000000000000000e+02 8.454545454545454675e+01 6.750000000000000000e+01
4.290000000000000000e+02 9.176136363636364024e+01 7.916666666666665719e+01
4.300000000000000000e+02 8.971590909090909349e+01 7.666666666666667140e+01
4.310000000000000000e+02 8.630681818181817277e+01 7.083333333333334281e+01
4.320000000000000000e+02 8.761363636363635976e+01 7.166666666666667140e+01
4.330000000000000000e+02 8.494318181818182723e+01 6.833333333333332860e+01
4.340000000000000000e+02 8.857954545454545325e+01 7.333333333333332860e+01
4.350000000000000000e+02 8.329545454545454675e+01 7.000000000000000000e+01
4.360000000000000000e+02 8.693181818181817277e+01 7.416666666666667140e+01
4.370000000000000000e+02 8.988636363636362603e+01 7.416666666666667140e+01
4.380000000000000000e+02 9.159090909090909349e+01 7.500000000000000000e+01
4.390000000000000000e+02 9.028409090909090651e+01 7.583333333333332860e+01
4.400000000000000000e+02 9.153409090909090651e+01 7.833333333333332860e+01
4.410000000000000000e+02 9.335227272727271952e+01 8.250000000000000000e+01
4.420000000000000000e+02 9.221590909090909349e+01 7.750000000000000000e+01
4.430000000000000000e+02 9.193181818181818699e+01 7.666666666666667140e+01
4.440000000000000000e+02 9.011363636363635976e+01 7.833333333333332860e+01
4.450000000000000000e+02 9.284090909090909349e+01 8.166666666666667140e+01
4.460000000000000000e+02 9.244318181818181301e+01 8.083333333333332860e+01
4.470000000000000000e+02 9.045454545454545325e+01 7.833333333333332860e+01
4.480000000000000000e+02 9.119318181818182723e+01 7.750000000000000000e+01
4.490000000000000000e+02 9.335227272727271952e+01 8.333333333333334281e+01
4.500000000000000000e+02 9.232954545454545325e+01 8.166666666666667140e+01
4.510000000000000000e+02 9.130681818181818699e+01 8.250000000000000000e+01
4.520000000000000000e+02 9.250000000000000000e+01 8.083333333333332860e+01
4.530000000000000000e+02 9.369318181818181301e+01 8.416666666666667140e+01
4.540000000000000000e+02 9.375000000000000000e+01 8.250000000000000000e+01
4.550000000000000000e+02 9.357954545454545325e+01 8.166666666666667140e+01
4.560000000000000000e+02 9.403409090909090651e+01 7.916666666666665719e+01
4.570000000000000000e+02 9.034090909090909349e+01 7.750000000000000000e+01
4.580000000000000000e+02 9.335227272727271952e+01 8.333333333333334281e+01
4.590000000000000000e+02 9.488636363636364024e+01 8.333333333333334281e+01
4.600000000000000000e+02 9.204545454545454675e+01 7.916666666666665719e+01
4.610000000000000000e+02 9.386363636363635976e+01 8.083333333333332860e+01
4.620000000000000000e+02 9.306818181818181301e+01 8.000000000000000000e+01
4.630000000000000000e+02 9.340909090909090651e+01 8.000000000000000000e+01
4.640000000000000000e+02 9.346590909090909349e+01 7.916666666666665719e+01
4.650000000000000000e+02 9.181818181818182723e+01 7.750000000000000000e+01
4.660000000000000000e+02 8.931818181818181301e+01 7.666666666666667140e+01
4.670000000000000000e+02 8.698863636363635976e+01 7.416666666666667140e+01
4.680000000000000000e+02 9.051136363636364024e+01 8.083333333333332860e+01
4.690000000000000000e+02 9.176136363636364024e+01 7.833333333333332860e+01
4.700000000000000000e+02 9.227272727272726627e+01 7.916666666666665719e+01
4.710000000000000000e+02 9.352272727272726627e+01 8.000000000000000000e+01
4.720000000000000000e+02 9.176136363636364024e+01 7.750000000000000000e+01
4.730000000000000000e+02 9.051136363636364024e+01 7.916666666666665719e+01
4.740000000000000000e+02 8.750000000000000000e+01 7.166666666666667140e+01
4.750000000000000000e+02 9.142045454545454675e+01 8.000000000000000000e+01
4.760000000000000000e+02 8.965909090909090651e+01 7.666666666666667140e+01
4.770000000000000000e+02 9.250000000000000000e+01 8.250000000000000000e+01
4.780000000000000000e+02 9.159090909090909349e+01 8.000000000000000000e+01
4.790000000000000000e+02 9.392045454545454675e+01 8.500000000000000000e+01
4.800000000000000000e+02 9.409090909090909349e+01 8.250000000000000000e+01
4.810000000000000000e+02 9.119318181818182723e+01 8.000000000000000000e+01
4.820000000000000000e+02 9.278409090909090651e+01 8.000000000000000000e+01
4.830000000000000000e+02 9.511363636363637397e+01 8.666666666666667140e+01
4.840000000000000000e+02 9.454545454545454675e+01 8.166666666666667140e+01
4.850000000000000000e+02 9.517045454545454675e+01 8.166666666666667140e+01
4.860000000000000000e+02 8.852272727272728048e+01 7.750000000000000000e+01
4.870000000000000000e+02 9.272727272727271952e+01 8.333333333333334281e+01
4.880000000000000000e+02 9.437500000000000000e+01 8.333333333333334281e+01
4.890000000000000000e+02 8.568181818181818699e+01 7.083333333333334281e+01
4.900000000000000000e+02 9.261363636363635976e+01 8.000000000000000000e+01
4.910000000000000000e+02 9.352272727272726627e+01 8.166666666666667140e+01
4.920000000000000000e+02 9.272727272727271952e+01 8.083333333333332860e+01
4.930000000000000000e+02 9.312500000000000000e+01 8.166666666666667140e+01
4.940000000000000000e+02 9.176136363636364024e+01 8.083333333333332860e+01
4.950000000000000000e+02 8.880681818181818699e+01 7.666666666666667140e+01
4.960000000000000000e+02 8.857954545454545325e+01 7.500000000000000000e+01
4.970000000000000000e+02 9.346590909090909349e+01 8.333333333333334281e+01
4.980000000000000000e+02 9.460227272727273373e+01 8.583333333333332860e+01
4.990000000000000000e+02 8.937500000000000000e+01 7.833333333333332860e+01
